1392.9419,1485.8373,0.9819099
1398.157,1500.3358,0.9821723
1430.0063,1489.9062,0.98944736
1438.0146,1499.759,0.9894511
1443.9783,1509.8866,0.98562247
1455.1998,1515.6714,0.98509187
1447.237,1507.6011,0.9835609
1470.0393,1532.5654,0.9849408
1478.5781,1544.5609,0.9842419
1470.5869,1572.0472,0.9710345
1504.8223,1578.8536,0.9821697
1514.1536,1580.0364,0.97973835
1524.7214,1589.8575,0.9802224
1525.5223,1591.2979,0.9798663
1519.5117,1575.7703,0.9796061
1522.231,1563.5728,0.97983664
1513.8093,1560.0186,0.9815061
1510.816,1541.4305,0.98156804
1502.3961,1554.0286,0.98368376
1494.4764,1543.2037,0.9851441
1488.2083,1538.9531,0.9848031
1481.8794,1524.6107,0.98402435
1473.7467,1523.0088,0.984063
1461.1887,1511.2156,0.9830177
1456.7914,1504.2976,0.9836183
1453.3678,1502.718,0.9836707
1454.6743,1503.881,0.9832281
1451.9944,1504.0312,0.9832851
1454.468,1509.7847,0.983595
1453.1986,1520.3734,0.98383015
1453.3743,1516.0208,0.9824706
1457.6453,1521.0234,0.98153025
1464.5585,1532.6523,0.9815029
1466.3595,1525.5459,0.9798463
1472.7268,1527.678,0.9781553
1483.0652,1537.7208,0.97562224
1491.7466,1540.1796,0.9735444
1500.7356,1561.3757,0.9765985
1521.5056,1583.8335,0.97587115
1511.283,1602.3138,0.96657324
1504.9087,1605.5256,0.9646521
1502.19,1608.3215,0.9653497
1526.5836,1619.7632,0.9795156
1505.8612,1565.1665,0.9751476
1496.606,1567.2045,0.9778578
1489.21,1554.7789,0.97988975
1484.1819,1544.0629,0.982614
1467.3091,1536.0802,0.98396933
1459.6687,1530.4199,0.9841613
1453.0579,1514.0732,0.9824881
1447.5267,1514.1531,0.9831639
1443.5219,1494.8561,0.9818257
1439.2195,1484.2552,0.98051375
1444.2456,1491.1718,0.9833613
1449.3191,1495.4478,0.9830035
1458.0955,1499.5281,0.98310053
1463.5044,1503.7651,0.98329574
1466.4263,1508.4941,0.98326683
1467.7415,1520.0725,0.9826247
1468.0071,1521.663,0.979512
1473.1556,1526.7009,0.976534
1476.612,1520.7732,0.97339207
1485.346,1530.6592,0.9731751
1501.353,1550.2129,0.9738501
1515.167,1571.2466,0.97366613
1502.5679,1593.9507,0.96490896
1498.3927,1608.6323,0.9659886
1495.9553,1615.6667,0.96749103
1519.3801,1603.0608,0.98613876
1495.645,1574.087,0.9756777
1488.212,1563.9382,0.9790619
1476.6661,1547.6936,0.9799755
1463.6078,1537.3912,0.9824536
1449.3455,1500.0231,0.9807833
1441.207,1495.6492,0.98193884
1426.2789,1502.8779,0.98243874
1412.5193,1489.2875,0.981639
1398.607,1479.0027,0.9796902
1399.559,1479.6096,0.980667
1399.3232,1487.5046,0.9825012
1402.3049,1498.4751,0.9827811
1404.9082,1497.2919,0.9811431
1409.1493,1494.7522,0.9782502
1404.9048,1487.8854,0.97738576
1411.7787,1502.8605,0.9791093
1421.7324,1501.5542,0.9787936
1427.8721,1507.6154,0.978309
1436.7761,1512.1952,0.97775364
1441.2836,1523.592,0.9768877
1458.9265,1528.733,0.974191
1475.4661,1545.7429,0.97568285
1484.952,1565.9106,0.97732043
1484.3984,1577.617,0.9780718
1488.5654,1595.0343,0.9786184
1490.8901,1615.4004,0.97988117
1490.2749,1614.869,0.97948325
1490.8203,1603.0151,0.9790037
1490.6101,1593.42,0.9782153
1491.7877,1584.568,0.97698987
1490.9337,1577.0599,0.97551185
1489.4081,1574.168,0.97584766
1489.2554,1576.2773,0.97605604
1487.1719,1563.761,0.97561395
1481.3196,1550.1924,0.9752001
1479.0652,1537.0566,0.97506887
1476.2281,1528.6484,0.97500813
1473.6255,1528.1755,0.9761021
1473.4021,1531.8918,0.97682774
1473.2764,1522.9905,0.9764115
1473.453,1527.2793,0.97726005
1473.0295,1521.7385,0.97699535
1473.4867,1516.3945,0.97621584
1478.8706,1512.5161,0.97438115
1479.6658,1500.3944,0.9710389
1490.3558,1504.8713,0.96807724
1520.6592,1541.7345,0.9842889
1534.571,1566.6694,0.98467296
1551.6521,1578.549,0.98546106
1558.7721,1598.7034,0.9857313
1563.7269,1603.9559,0.9865876
1550.1222,1631.2234,0.9814478
1547.1335,1635.2563,0.98094773
1542.3337,1627.687,0.9788776
1532.6506,1621.1396,0.9775899
1525.9707,1611.0524,0.977019
1512.8706,1584.0626,0.9760277
1505.0427,1564.8951,0.97664213
1498.8137,1554.0143,0.9765563
1486.6826,1538.4224,0.9748514
1482.8379,1531.1744,0.9756953
1479.7533,1537.3707,0.9779823
1481.046,1540.2762,0.97966444
1482.8295,1545.2615,0.9817129
1485.0386,1550.8052,0.98217154
1482.7445,1550.1375,0.98173654
1482.8557,1540.0667,0.981181
1484.5034,1545.2043,0.9813969
1484.6371,1540.5659,0.981104
1483.7253,1543.8435,0.98115027
1490.1201,1541.87,0.9806686
1495.2052,1549.031,0.9800087
1498.4358,1545.3726,0.9768475
1508.4401,1549.678,0.9734621
1547.916,1584.0806,0.9843055
1557.3198,1589.9374,0.9821294
1520.4138,1605.7039,0.9551562
1530.4448,1629.3842,0.9632895
1529.6744,1645.6997,0.9639931
1582.8945,1661.3333,0.9883428
1562.8733,1675.5784,0.98318416
1578.9026,1637.398,0.98734796
1554.9138,1655.0687,0.98160446
1540.627,1662.0391,0.984894
1533.0527,1636.9596,0.9843648
1550.6304,1603.3303,0.9877555
1545.1223,1590.6873,0.9870105
1509.6405,1567.3611,0.9746362
1507.4729,1572.2156,0.9766236
1532.9421,1594.5729,0.98795766
1499.4012,1563.541,0.9770264
1497.7592,1568.0625,0.97849506
1496.4297,1574.2288,0.97933674
1497.2904,1572.9009,0.97909904
1494.4427,1570.8074,0.9789499
1495.9541,1576.612,0.97967786
1496.0032,1578.8542,0.97976065
1521.8757,1594.34,0.9893841
1523.6825,1595.0654,0.98917097
1500.4398,1618.5864,0.9853587
1531.52,1595.8301,0.9884729
1537.2192,1590.1233,0.9878318
1507.4788,1570.964,0.975474
1511.826,1567.1667,0.9740612
1545.1755,1579.3638,0.9860438
1554.1143,1578.5988,0.98565257
1537.7659,1620.2661,0.9826083
1549.6213,1635.8025,0.98319536
1587.4918,1615.5557,0.9850423
1597.1797,1627.28,0.98583615
1601.864,1641.06,0.9871858
1598.6063,1637.8069,0.98771966
1598.8627,1655.6876,0.98862094
1597.693,1646.1128,0.9880796
1585.233,1636.3594,0.98741376
1579.1539,1617.8009,0.9868342
1567.6952,1603.4667,0.9863516
1538.3507,1622.1638,0.9829869
1536.1653,1616.0636,0.9835866
1556.1492,1587.3666,0.9865953
1515.301,1563.5012,0.9728636
1539.8813,1568.7865,0.9860028
1537.6769,1571.237,0.98682666
1542.828,1581.7971,0.98767483
1541.8564,1582.3223,0.9873574
1542.9701,1585.3821,0.9871976
1550.0725,1580.8619,0.98667914
1557.5823,1579.9431,0.98605067
1565.7251,1579.4175,0.9849888
1575.6573,1592.2914,0.9860619
1583.7834,1613.7356,0.9870164
1576.3129,1621.987,0.98689044
1555.8323,1656.3296,0.98315436
1574.0057,1626.9141,0.9878535
1564.4257,1627.5894,0.9878764
1535.4261,1639.7439,0.9808764
1512.72,1598.0303,0.975843
1511.447,1580.3591,0.97509354
1502.4078,1575.7991,0.97670186
1496.8049,1598.0557,0.98295814
1482.1125,1599.8252,0.98442715
1476.0254,1602.6749,0.98552805
1474.9948,1550.9858,0.9807513
1467.9172,1549.9128,0.9811536
1465.8468,1540.8615,0.9810385
1462.4285,1532.6385,0.9800535
1465.2402,1537.3352,0.9815006
1464.2441,1542.0444,0.9815462
1465.0779,1539.3645,0.98148865
1464.8152,1542.067,0.98148566
1468.4352,1538.0731,0.98052204
1468.938,1532.3389,0.9793322
1472.7528,1524.0098,0.97764057
1474.0181,1521.8062,0.9770006
1476.5273,1497.4897,0.9717461
1480.8076,1513.008,0.9756749
1507.5239,1526.6919,0.9864182
1515.4164,1530.212,0.9859736
1527.446,1542.7562,0.98571825
1534.8796,1539.9341,0.9838868
1545.2417,1559.4261,0.9851574
1547.1581,1568.917,0.98557645
1537.1641,1596.9203,0.9792322
1535.4341,1592.0427,0.9788118
1529.1587,1591.6791,0.979293
1514.9622,1574.5063,0.977118
1506.292,1571.1738,0.97545093
1494.0828,1546.9968,0.975091
1487.1721,1545.3591,0.97558326
1468.1407,1508.8948,0.9787344
1462.3533,1501.4509,0.98128337
1439.4775,1467.3738,0.9780824
1432.6641,1476.9116,0.9805397
1423.091,1472.2716,0.97983575
1419.3452,1465.8065,0.97936064
1419.5425,1476.9172,0.9813603
1410.2976,1471.2241,0.9809483
1410.0815,1470.521,0.9816804
1406.2175,1470.7198,0.9829495
1399.5505,1460.4818,0.98091596
1400.7278,1445.4614,0.98488045
1396.8978,1442.4138,0.98489064
1404.7539,1444.8497,0.98589605
1400.9246,1443.4934,0.9872344
1405.6804,1438.8557,0.98673105
1414.9077,1445.3115,0.98730403
1421.7122,1438.4363,0.9866174
1433.4818,1441.6804,0.98249453
1443.482,1443.7109,0.9814897
1453.9779,1445.2943,0.979587
1455.625,1458.4889,0.9808475
1469.2507,1481.9822,0.98147523
1469.385,1495.9338,0.9819374
1471.707,1509.5602,0.9812432
1426.1746,1513.3206,0.9745395
1418.737,1507.3442,0.9727601
1406.7084,1502.1328,0.9743988
1402.995,1485.1881,0.9761713
1446.4438,1480.3157,0.9845841
1434.6459,1474.0493,0.9846125
1431.6039,1465.3086,0.98533314
1417.247,1455.1926,0.98269
1412.8608,1454.7933,0.9843664
1404.2509,1457.3901,0.9841793
1402.0142,1434.6135,0.9819425
1395.9645,1424.6799,0.98187226
1389.2954,1402.8912,0.98516244
1393.099,1417.9792,0.9861261
1395.5598,1417.7402,0.98054963
1392.3562,1410.5948,0.97715855
1410.2535,1440.6749,0.97984684
1429.4061,1466.4664,0.98111045
1437.5352,1497.6323,0.98177505
1451.6887,1518.4355,0.9807662
1456.3445,1532.0161,0.9801835
1457.9922,1530.4745,0.9803145
1399.2673,1533.865,0.9675487
1443.5688,1521.3193,0.9811086
1429.9011,1521.6096,0.98319155
1405.2261,1497.6786,0.98364246
1398.3154,1486.926,0.98516697
1384.2865,1473.9901,0.9846283
1374.5176,1459.9858,0.9844424
1357.71,1444.6013,0.9882563
1346.3859,1442.2438,0.9887017
1334.1053,1422.5083,0.98675495
1327.0609,1423.1238,0.9818711
1337.2957,1438.0558,0.9878391
1334.8274,1432.4204,0.9873881
1330.6243,1446.9497,0.9846059
1332.2358,1446.1663,0.989021
1324.676,1443.4246,0.9851399
1336.6581,1450.4768,0.9886952
1335.5314,1467.9329,0.9853931
1352.5574,1469.3596,0.9884552
1360.2014,1462.8008,0.9857328
1347.4683,1476.4456,0.9767363
1360.6914,1458.266,0.97836655
1373.2068,1467.1323,0.97935575
1379.5665,1474.4082,0.9793605
1407.344,1482.5382,0.9801497
1420.5496,1499.2405,0.98053735
1426.0942,1508.8489,0.97934365
1434.7205,1522.49,0.98115563
1428.0854,1519.0471,0.98247015
1421.929,1528.6375,0.98542583
1401.9907,1507.2698,0.9855649
1390.2498,1489.7853,0.9855605
1381.801,1491.2238,0.9859195
1368.2354,1467.5676,0.98883283
1362.1213,1459.3413,0.9897283
1355.5758,1466.7053,0.9903267
1347.5688,1465.0471,0.98987144
1353.6387,1453.7844,0.98918533
1350.8276,1442.4607,0.9868716
1358.5264,1442.255,0.98688185
1365.0591,1448.9358,0.9870244
1376.0286,1462.3633,0.98662484
1380.0231,1464.8926,0.98620564
1389.3033,1465.8115,0.9876908
1371.9998,1480.6423,0.9790059
1378.0409,1472.1155,0.9760477
1387.6547,1480.1194,0.97692376
1400.5493,1476.6746,0.9727051
1443.9592,1457.9711,0.97723037
1445.6797,1478.0376,0.97676134
1450.7454,1491.9379,0.9803034
1451.2412,1510.054,0.98029906
1449.8828,1509.2122,0.9790508
1454.7352,1522.7097,0.980863
1441.0273,1518.7269,0.9815036
1437.3809,1505.259,0.9815809
1418.0212,1498.8873,0.9835776
1401.367,1490.8203,0.98438036
1391.4543,1482.2598,0.984666
1382.1696,1482.5496,0.9842911
1347.203,1484.2562,0.97752255
1341.8077,1474.1709,0.97850376
1334.9241,1465.8407,0.97709185
1332.3973,1450.0302,0.97363645
1337.1061,1457.095,0.9777108
1359.677,1454.6027,0.98734844
1343.7485,1470.1748,0.9800417
1364.2192,1468.0385,0.98814255
1355.8058,1479.1719,0.9811875
1364.8073,1485.6067,0.9800869
1393.9398,1469.7162,0.987283
1401.3203,1463.8901,0.9863262
1388.0112,1489.3632,0.979295
1396.9177,1493.0265,0.9776863
1422.1282,1461.9646,0.97519773
1430.4012,1490.0061,0.9773716
1448.3582,1504.2721,0.9785985
1455.0757,1515.0072,0.97964305
1462.9061,1529.8228,0.98210907
1461.5151,1535.9324,0.9839256
1457.5488,1526.0999,0.9838361
1452.7654,1516.9227,0.98463863
1432.3635,1494.1396,0.98501563
1415.9253,1479.0366,0.98418486
1405.0564,1476.1777,0.985151
1397.7153,1456.105,0.98806274
1392.7048,1452.185,0.987849
1379.4138,1438.2275,0.9867085
1371.294,1428.7356,0.9854431
1372.8958,1414.5817,0.9841793
1385.2034,1417.7605,0.9846281
1389.1855,1427.9755,0.98408914
1402.6202,1445.0662,0.98341125
1410.3445,1451.1825,0.98421085
1426.6343,1454.6172,0.98327315
1436.096,1480.5356,0.9792813
1452.1821,1497.2036,0.9783977
1463.4169,1535.824,0.9840423
1467.8185,1551.7886,0.98304856
1463.6987,1551.8069,0.98439133
1453.8936,1532.7025,0.9839662
1452.6108,1530.3651,0.9841441
1451.1943,1521.8933,0.985741
1422.3741,1493.1946,0.9841488
1412.1122,1485.8625,0.98615324
1396.0447,1467.3235,0.98864657
1392.7095,1461.4214,0.9887989
1385.258,1470.0812,0.9892981
1370.9917,1469.4437,0.9892244
1366.0691,1447.1543,0.9862982
1368.2941,1459.0336,0.9888086
1364.4404,1445.2623,0.98606503
1370.2671,1464.7307,0.989389
1367.6301,1465.1006,0.9881649
1368.1754,1462.9493,0.98844844
1374.095,1466.8451,0.98895174
1374.2942,1469.2004,0.9887967
1380.2875,1475.4327,0.989379
1383.435,1473.7864,0.9894628
1391.0532,1473.735,0.9895874
1387.3894,1469.632,0.98879236
1391.0361,1477.9435,0.98931396
1400.8927,1484.4863,0.9889416
1409.3779,1473.8335,0.98739153
1414.1147,1474.3376,0.9873883
1409.0415,1462.5947,0.98264414
1414.5356,1459.4734,0.9806121
1430.3062,1471.154,0.978728
1435.5449,1475.5378,0.9814569
1443.909,1484.7651,0.9807011
1461.1285,1493.6101,0.9811708
1474.4429,1487.612,0.9807442
1475.7639,1520.175,0.98279774
1470.0143,1513.2478,0.98398614
1462.7051,1512.7705,0.9850766
1450.3444,1486.9899,0.98041373
1426.2404,1492.2026,0.9840258
1410.2708,1482.7344,0.984344
1394.6941,1475.1804,0.9890638
1372.4006,1471.9333,0.9882442
1359.7913,1459.5121,0.98862594
1342.9117,1452.8096,0.9883652
1309.0332,1439.0166,0.9819817
1301.6166,1431.072,0.9813675
1321.4742,1441.6793,0.9900267
1318.1632,1448.298,0.99233586
1315.4133,1437.3872,0.9916721
1316.7068,1429.4861,0.99093515
1321.1604,1432.5042,0.9915764
1324.4575,1433.5878,0.9922465
1326.0111,1425.988,0.992355
1327.3958,1426.0759,0.9920981
1329.7263,1428.292,0.9923954
1327.8018,1420.7955,0.99216616
1315.0795,1414.248,0.98215014
1326.1003,1419.9872,0.98281485
1346.4231,1412.3242,0.9798038
1381.3473,1399.1489,0.9867563
1369.936,1392.0679,0.98448664
1381.0803,1409.7483,0.97723615
1393.9263,1464.1826,0.980659
1420.9197,1502.183,0.98265165
1434.0713,1520.6804,0.9836273
1429.2449,1522.2494,0.9828876
1419.9377,1520.2045,0.98459363
1412.0618,1514.6852,0.98509467
1411.3904,1512.3198,0.9864422
1390.8424,1493.4724,0.9850192
1372.699,1478.231,0.9850815
1354.2402,1466.9551,0.9836068
1339.2766,1454.8217,0.989185
1319.1976,1457.8851,0.98074305
1305.2588,1435.0837,0.9834188
1302.4094,1433.3705,0.9826607
1314.0693,1436.2639,0.98971516
1323.9023,1438.0531,0.9932138
1325.2056,1440.0627,0.9933495
1326.8198,1437.0259,0.993186
1327.5487,1436.4529,0.9934918
1330.1736,1437.0144,0.99382293
1334.8965,1435.9116,0.99364614
1338.4337,1436.3828,0.9937342
1340.8972,1435.2441,0.9935595
1329.1826,1419.9388,0.9846688
1335.3092,1432.2595,0.98456186
1338.197,1433.6367,0.9813634
1363.1152,1431.9897,0.98757744
1381.5771,1433.4629,0.98627716
1394.779,1435.9186,0.98625666
1416.1362,1458.6414,0.9827557
1435.6746,1492.2891,0.9845969
1444.6663,1514.0094,0.9846315
1447.022,1519.3721,0.9848626
1445.8054,1520.5491,0.9843068
1440.3494,1509.7859,0.98464125
1436.5719,1511.0908,0.9861042
1424.6238,1486.8818,0.9865045
1410.1091,1477.7764,0.9870301
1382.2145,1464.0671,0.9889424
1370.0717,1457.1487,0.98826176
1370.3491,1455.1901,0.988955
1362.0076,1459.5076,0.9889072
1346.3926,1445.0875,0.9880349
1347.0337,1439.2004,0.98832047
1361.1249,1448.9604,0.9902172
1357.8813,1440.1893,0.98936605
1369.2432,1443.0134,0.99024093
1369.49,1439.5317,0.9897669
1369.7988,1442.4617,0.9894354
1377.1205,1430.1174,0.9887045
1385.4673,1417.2771,0.98616403
1392.6211,1419.1372,0.9862599
1400.1216,1437.1572,0.9858541
1423.549,1484.2462,0.9830845
1443.5396,1511.5496,0.9851209
1450.7195,1522.4309,0.9848739
1449.6772,1514.655,0.9846652
1440.4878,1515.3661,0.98569787
1437.4001,1510.4315,0.9856241
1435.0381,1506.3907,0.9864587
1429.9901,1492.5151,0.98619616
1418.6567,1487.8658,0.98689866
1393.4111,1475.1489,0.9858175
1373.624,1458.6305,0.98830974
1372.6123,1465.2179,0.9882812
1356.3748,1461.6125,0.98767495
1344.3004,1445.5833,0.98698217
1341.7263,1455.07,0.97936213
1342.8497,1448.6631,0.9806223
1346.3177,1453.1663,0.9813402
1365.3782,1451.5005,0.9893873
1366.1635,1448.8027,0.98843926
1368.9031,1436.7527,0.9861773
1378.36,1441.8124,0.98356307
1367.0033,1484.4395,0.97735924
1411.9644,1524.0057,0.9862088
1412.657,1534.1919,0.9852223
1406.9167,1536.6055,0.98530143
1400.6765,1526.8739,0.9854596
1400.1921,1521.2238,0.98618895
1399.8995,1513.6729,0.98659813
1370.224,1482.9622,0.98455644
1364.0002,1485.294,0.98633856
1336.5344,1482.7762,0.98033136
1336.7416,1474.363,0.9865167
1337.7257,1472.0762,0.9858052
1319.3422,1459.6882,0.97961676
1319.1285,1451.973,0.9803796
1324.9071,1456.887,0.98292047
1326.972,1455.9858,0.9835761
1348.0073,1454.2861,0.986997
1339.7308,1461.9441,0.98526263
1342.7957,1463.489,0.9856941
1346.5764,1466.2212,0.98578113
1349.126,1453.8622,0.98505986
1367.4778,1448.6349,0.987092
1372.906,1429.1392,0.98488057
1372.4391,1439.2422,0.9860677
1359.3466,1443.9333,0.98681694
1373.2792,1438.353,0.9891599
1377.8748,1434.1775,0.9883046
1378.7773,1434.676,0.9879457
1393.0625,1446.176,0.9887716
1402.2224,1462.2153,0.98433834
1404.1653,1468.1592,0.9858643
1406.3485,1458.6934,0.98348063
1410.1307,1469.8962,0.98217976
1418.2229,1487.7638,0.9843536
1428.3396,1507.0588,0.9854659
1436.313,1516.5093,0.98622394
1428.0603,1514.6594,0.9859321
1421.624,1506.3,0.9856059
1412.541,1492.405,0.98537457
1407.9458,1486.8723,0.98521996
1393.2146,1475.7971,0.9838824
1376.0812,1467.622,0.9849948
1370.542,1462.9646,0.9850227
1363.6556,1453.3304,0.98853314
1352.5027,1449.0286,0.9889102
1349.0898,1457.2655,0.9892482
1349.0006,1445.3857,0.98911816
1338.7736,1449.0347,0.9865615
1339.0345,1444.2834,0.98660684
1334.0225,1446.3098,0.98730993
1337.7383,1451.0891,0.98704416
1336.2417,1439.877,0.98595756
1336.7383,1429.5833,0.98494536
1341.1455,1436.575,0.9845389
1343.3428,1430.3448,0.9822182
1348.4246,1434.6001,0.981503
1353.6113,1428.0812,0.98010796
1366.5652,1457.0095,0.9830208
1365.7057,1454.1387,0.982781
1377.5984,1452.4021,0.9821905
1387.3672,1448.0372,0.98180896
1396.3602,1457.5745,0.98184973
1412.259,1480.7188,0.981459
1422.356,1497.6672,0.9812065
1429.4075,1514.2383,0.9823569
1427.679,1519.3605,0.9826193
1423.5742,1512.9634,0.9831199
1416.1091,1503.177,0.9839234
1404.9556,1503.1799,0.9838471
1402.743,1501.8927,0.984125
1397.0593,1502.175,0.98450863
1394.2972,1505.665,0.9846576
1387.8044,1500.8684,0.984822
1377.0132,1488.3928,0.9830872
1375.6375,1487.7112,0.98273796
1375.4185,1489.0858,0.9819857
1380.0242,1492.7588,0.9830146
1386.9019,1496.0037,0.982346
1389.571,1504.7952,0.98272103
1396.9479,1514.2412,0.9823501
1408.3143,1515.4238,0.9825042
1417.1671,1513.2058,0.9792494
1419.2753,1519.188,0.9804731
1427.4333,1519.3806,0.9784615
1424.7113,1520.8862,0.9793758
1430.8121,1526.2255,0.9795824
1432.0258,1522.6461,0.97851723
1436.0248,1508.9989,0.97640026
1451.511,1524.5972,0.9782447
1458.018,1554.1697,0.9813331
1458.2507,1562.603,0.98149383
1456.8059,1559.4644,0.9809471
1457.9106,1545.5614,0.9801466
1449.7268,1539.3701,0.97900873
1439.6377,1543.042,0.9814709
1434.321,1532.9973,0.9820031
1427.6633,1528.3107,0.9822072
1421.0747,1519.4688,0.9823758
1413.6948,1517.0403,0.9819551
1402.351,1508.8759,0.9816684
1398.9341,1508.9558,0.9814124
1395.11,1507.5701,0.9813425
1395.2756,1509.9136,0.98214024
1397.1046,1505.8723,0.98219
1401.1609,1510.1766,0.98216736
1398.7167,1507.7632,0.98257655
1399.9711,1511.4584,0.98298323
1399.8176,1513.9899,0.98324007
1399.8389,1508.5254,0.9829348
1400.4143,1513.9917,0.98309857
1403.5126,1518.8538,0.9828699
1402.931,1519.3041,0.9824892
1407.0187,1522.4822,0.9823545
1414.4451,1523.4731,0.98142564
1418.314,1515.1661,0.9803843
1426.668,1522.5962,0.9808398
1426.1786,1523.4639,0.98004603
1438.8446,1517.9366,0.9792184
1446.5155,1517.7585,0.97822934
1449.3843,1530.1243,0.9777991
1457.9753,1523.7286,0.97575563
1477.3237,1558.6044,0.9853048
1480.3289,1545.001,0.9753136
1487.321,1571.1499,0.97684777
1484.0317,1568.2888,0.9761604
1485.728,1572.3922,0.9767642
1483.4929,1555.8188,0.97634363
1478.9761,1545.1252,0.9770637
1470.1296,1546.4231,0.9792082
1457.8055,1536.0948,0.9794102
1456.4425,1536.3254,0.981428
1450.405,1523.8665,0.9819526
1448.479,1519.2041,0.9813706
1439.9666,1506.7952,0.9796959
1433.0925,1505.3542,0.979412
1432.7507,1504.1157,0.9796172
1430.8159,1503.0483,0.97982097
1434.2678,1503.1644,0.9795375
1437.6484,1514.9795,0.9799731
1440.9673,1509.8516,0.9787147
1447.2288,1504.0455,0.9746065
1457.0945,1508.3661,0.97187793
1464.9412,1525.0375,0.97271097
1481.1581,1537.1401,0.9734388
1484.0424,1560.2677,0.9778852
1484.1467,1570.7454,0.9777771
1482.3523,1572.7908,0.9790755
1474.247,1558.0426,0.979103
1464.2725,1548.0399,0.97996294
1457.6914,1581.804,0.97821313
1445.4841,1544.9436,0.9834578
1435.3376,1525.9473,0.9817862
1430.9832,1517.4822,0.9820036
1421.7269,1496.2891,0.9820546
1410.4603,1486.8557,0.97995454
1410.5659,1481.4327,0.9779482
1405.0615,1477.6753,0.97878677
1409.323,1487.0063,0.9799468
1410.6962,1497.5468,0.9826032
1413.5574,1508.4448,0.982173
1415.9468,1506.0554,0.981834
1416.0803,1509.7274,0.9812909
1425.7526,1497.4392,0.9792266
1428.7532,1496.6536,0.97843206
1436.1013,1494.1312,0.97781485
1442.5704,1506.9403,0.97683686
1459.7778,1512.694,0.97544426
1477.2865,1542.7203,0.98655266
1492.1525,1557.2407,0.98664063
1503.694,1576.7712,0.98754346
1496.5543,1577.5415,0.9867806
1495.7662,1569.9192,0.98663086
1493.6455,1558.2866,0.9862525
1487.6235,1553.1603,0.98634934
1479.1138,1546.1078,0.9860584
1462.2412,1527.5315,0.9776145
1456.4487,1526.0796,0.9789732
1449.9163,1501.8699,0.9790598
1444.0316,1496.453,0.9796398
1435.0638,1493.1306,0.97827256
1434.8884,1499.153,0.97953653
1434.6946,1495.526,0.9797046
1434.5825,1506.105,0.98059064
1433.3749,1507.6981,0.9804248
1433.1339,1502.6624,0.97702324
1432.7831,1505.2832,0.9791961
1430.8284,1501.4695,0.9784493
1430.1826,1504.1027,0.9788769
1430.9089,1500.3586,0.979195
1431.1451,1499.2914,0.97860205
1435.5869,1494.5914,0.9758168
1445.2827,1500.0125,0.9752931
1453.7214,1515.4592,0.97466564
1459.8918,1525.7739,0.9753636
1484.7283,1557.1211,0.9859509
1498.925,1578.5015,0.98706484
1508.7451,1608.598,0.9868449
1511.3564,1607.32,0.98715067
1508.6375,1609.5359,0.9866686
1508.1523,1587.557,0.9861568
1501.3093,1579.5115,0.9857115
1492.6001,1565.779,0.98609793
1485.6504,1554.6248,0.9860503
1463.7786,1538.3899,0.9772857
1457.5852,1534.7054,0.97858286
1448.0841,1526.0154,0.97895575
1444.2878,1523.9901,0.98017293
1438.393,1510.4358,0.97916657
1437.4153,1515.2948,0.9806811
1425.7603,1510.098,0.9804262
1424.8444,1511.397,0.98010594
1421.969,1512.9395,0.9784614
1417.5055,1507.742,0.9792251
1411.6774,1507.1445,0.9793549
1407.9246,1505.7175,0.97849727
1407.2388,1501.1766,0.97874683
1405.5657,1504.6664,0.9799079
1404.6897,1504.4343,0.9803058
1404.2566,1511.8445,0.9814245
1405.0703,1514.5352,0.98109496
1405.6133,1520.1332,0.9810127
1409.9264,1525.2551,0.97987753
1419.4294,1528.7131,0.9790532
1432.3616,1528.3672,0.9779806
1443.7787,1532.6853,0.97845846
1446.5111,1544.6829,0.9768767
1459.502,1567.4615,0.9770666
1468.7136,1581.7368,0.9774001
1471.9127,1584.7397,0.9775917
1474.3364,1579.7435,0.97774804
1474.1411,1584.929,0.97865105
1469.6506,1569.7863,0.9796877
1460.6577,1566.2084,0.98081744
1458.8374,1559.0768,0.98220736
1452.0276,1548.6768,0.9824201
1443.163,1538.6982,0.9820855
1434.8596,1525.5945,0.98146766
1435.5957,1527.324,0.97939557
1435.3888,1528.9885,0.9807184
1433.5331,1525.3656,0.9799287
1435.9182,1524.4902,0.9799644
1439.374,1528.4222,0.9809161
1443.344,1534.0945,0.98019385
1446.4558,1539.104,0.9785931
1458.1338,1539.5138,0.97832906
1467.0605,1527.79,0.974078
1479.7568,1538.3945,0.97323406
1492.5454,1561.616,0.9751374
1490.4402,1574.4182,0.975963
1490.3982,1590.613,0.97691214
1491.6836,1582.0166,0.9769751
1517.5618,1594.1627,0.987439
1490.12,1564.3252,0.97699827
1480.7163,1559.2051,0.97725314
1471.626,1558.868,0.97950804
1468.5461,1563.4878,0.98091
1459.0266,1544.4503,0.98150957
1453.9541,1539.2468,0.98189914
1448.9822,1530.1033,0.98131657
1442.081,1525.5737,0.98127866
1438.9585,1525.7823,0.9822974
1436.9441,1519.4841,0.9817036
1437.5657,1526.2512,0.9822733
1438.3267,1529.5837,0.9816042
1439.8445,1534.6135,0.9812197
1440.5511,1534.1724,0.9818923
1443.198,1531.0403,0.9816595
1446.3917,1540.0781,0.98179847
1449.2451,1544.6785,0.982163
1454.24,1544.5581,0.9820848
1461.5195,1562.1471,0.9828342
1467.8357,1557.7847,0.98176515
1470.4624,1552.2477,0.9800151
1494.1567,1584.75,0.976029
1494.5928,1544.6254,0.9739405
1512.0608,1569.7101,0.976163
1521.144,1610.1086,0.9799066
1523.2458,1624.3701,0.9818001
1522.4967,1617.7695,0.9818133
1521.8857,1609.7461,0.98255354
1516.0518,1600.5135,0.9812538
1510.0234,1600.6938,0.98132205
1499.7009,1593.3806,0.9812042
1483.5952,1566.4373,0.98264366
1472.9729,1555.9924,0.98237
1469.2498,1546.4506,0.9820197
1456.9058,1540.0587,0.9829963
1448.9608,1531.9125,0.98293704
1442.8013,1533.6139,0.98410773
1429.7131,1519.319,0.9831322
1432.7297,1509.732,0.9811818
1431.6938,1504.0942,0.9814935
1426.7539,1502.0254,0.98175263
1427.5371,1501.8757,0.98122954
1425.2661,1502.9532,0.981457
1425.992,1506.8352,0.98267543
1429.0464,1510.8665,0.98294145
1431.4766,1506.0964,0.98153394
1433.6855,1512.5891,0.9816668
1436.4619,1494.4696,0.9784143
1451.4531,1478.4248,0.97475123
1444.7356,1464.0928,0.97410303
1452.8682,1468.7513,0.9723503
1467.2025,1480.6328,0.9707352
1461.975,1502.3394,0.96693325
1488.4069,1541.866,0.9766308
1482.7562,1543.4381,0.977866
1482.6731,1539.2148,0.9789392
1472.8801,1539.4475,0.9795253
1472.1313,1541.5994,0.98109895
1463.9482,1537.2777,0.98276687
1454.6753,1527.5054,0.98360217
1447.2092,1518.5239,0.9830694
1441.8359,1503.9055,0.98182493
1434.6259,1498.0146,0.98259866
1427.8137,1491.4172,0.9796148
1430.1025,1493.9249,0.979912
1445.9564,1508.3013,0.9812522
1434.1095,1495.3765,0.97831947
1432.1254,1494.0396,0.9768481
1426.9846,1497.1116,0.98306125
1432.0931,1499.245,0.9825331
1428.6145,1503.6382,0.9829767
1430.0294,1505.6453,0.98304373
1436.0303,1509.8201,0.9819342
1440.0154,1493.7079,0.9790692
1447.6139,1508.7485,0.97832507
1449.1287,1490.1431,0.97231513
1465.1415,1502.0708,0.96993935
1462.344,1515.2017,0.97208416
1479.876,1515.3032,0.9666689
1490.9828,1551.253,0.9747083
1491.2517,1583.6152,0.97953016
1493.502,1575.4471,0.979784
1489.571,1558.0477,0.9781261
1477.7119,1559.5508,0.9794685
1471.4663,1557.8032,0.98101896
1464.8623,1551.7258,0.9821958
1458.4802,1542.3601,0.9817437
1451.7085,1518.6533,0.97941977
1445.7542,1506.8323,0.97950476
1435.6711,1508.8214,0.9787482
1433.9775,1505.7458,0.9799667
1428.5594,1503.8533,0.9792159
1424.5278,1495.1545,0.97562283
1428.6985,1506.3638,0.97854704
1428.7004,1506.502,0.97689706
1426.8069,1509.7764,0.97910494
1425.874,1517.7814,0.98060846
1428.3252,1522.6097,0.981357
1429.5598,1525.1378,0.9816244
1431.3538,1512.1428,0.9794478
1437.7065,1520.6299,0.97930956
1439.1698,1513.7695,0.97755164
1444.5194,1514.6023,0.9778079
1453.2252,1503.8866,0.97760594
1464.2454,1506.8075,0.9762422
1466.9658,1502.1329,0.9748446
1467.8489,1516.3351,0.97524023
1476.4563,1536.0315,0.97361326
1491.5278,1560.8848,0.9742692
1497.3896,1575.01,0.97435015
1518.5583,1629.9847,0.9828552
1519.9966,1637.1287,0.98287094
1521.2898,1639.6842,0.9825334
1517.9081,1618.0867,0.9815149
1516.5012,1598.4033,0.97930896
1509.3955,1585.1738,0.97625244
1523.7766,1575.1967,0.9879027
1486.0437,1539.2673,0.9773767
1476.071,1529.577,0.97735107
1473.5359,1522.1018,0.97790694
1474.6681,1517.7834,0.97738284
1475.1367,1516.5605,0.9762403
1473.2424,1516.3977,0.97478896
1480.4451,1522.9291,0.9704587
1520.9714,1549.9274,0.98244065
1530.4651,1574.3401,0.9835998
1542.1606,1582.8613,0.9833651
1554.4222,1606.0375,0.9859848
1544.846,1654.9061,0.9826514
