946.5908,2146.512,0.984709
954.9593,2141.246,0.9856371
955.6818,2131.8716,0.98717403
959.10095,2127.7463,0.9866867
989.82733,2118.6406,0.986839
999.272,2145.2256,0.9871681
1011.1659,2153.316,0.9880336
1009.2748,2143.086,0.9876916
1006.6791,2144.069,0.987689
1008.53485,2157.5537,0.98623985
998.6681,2137.4832,0.980646
988.6033,2120.4543,0.98758763
984.0686,2107.1714,0.9864196
983.77167,2107.1575,0.9864586
981.42334,2115.995,0.9850429
989.4298,2110.149,0.9869338
995.30585,2109.503,0.98745185
1001.5625,2104.0708,0.98583245
1002.3124,2102.8333,0.98543626
1000.8818,2099.109,0.9877366
997.927,2117.7764,0.98581994
999.4531,2135.145,0.9874024
1012.78253,2147.275,0.9878897
1013.52997,2147.943,0.9882238
1015.6157,2148.3418,0.98703605
1008.86646,2144.4263,0.98126006
1009.00507,2127.4624,0.98581994
999.8965,2109.3506,0.9858149
1001.10626,2104.3247,0.98682934
1014.31586,2107.3745,0.98549324
1011.4042,2096.9724,0.984185
1018.5648,2098.8232,0.986541
1016.51404,2104.8867,0.98622036
1014.0028,2104.6416,0.98673975
1016.37024,2110.1892,0.9860102
1008.8689,2111.2668,0.9877452
1011.9619,2118.1133,0.9872255
1020.4761,2139.335,0.98742306
1020.0643,2141.0469,0.9874436
1031.3203,2150.4106,0.9829653
1030.969,2145.7913,0.98423344
1022.7174,2131.7524,0.9891328
1018.86536,2114.078,0.98776466
1017.2206,2117.5464,0.9878341
1013.86505,2097.934,0.98783475
1015.9745,2112.5388,0.9868542
1030.6056,2110.99,0.9882506
1031.1467,2109.858,0.9892315
1030.3158,2107.7974,0.9893411
1029.4498,2123.2336,0.98735225
1019.98596,2121.1946,0.98583126
1008.1831,2122.3977,0.9894972
1014.8994,2127.1465,0.98714197
1018.45734,2128.0615,0.9871999
1022.4453,2136.463,0.9868307
1025.0962,2147.8538,0.98763824
1018.2413,2147.245,0.98838603
1021.37823,2120.8171,0.9876659
1022.66516,2120.4336,0.98809135
1015.7136,2096.0303,0.98710454
1011.71686,2094.0793,0.9873883
1025.0486,2106.1943,0.9883385
1032.7964,2102.0012,0.99024534
1034.6394,2104.157,0.9898531
1032.0922,2104.574,0.98884565
1029.4438,2103.9937,0.98794866
1022.1689,2092.405,0.98812556
1015.0139,2107.4836,0.9864846
1014.63025,2110.5876,0.9865609
1019.96594,2135.5117,0.98628795
1028.1976,2138.0166,0.98759973
1028.7112,2137.5818,0.98874784
1029.9319,2113.5962,0.98763555
1032.2311,2113.9988,0.9876395
1024.0852,2100.2634,0.987906
1030.1451,2081.4497,0.988439
1040.3068,2080.4814,0.98954225
1043.259,2084.4553,0.98905295
1041.993,2081.9858,0.9892725
1048.3928,2093.629,0.9876643
1049.5615,2104.3042,0.9886381
1053.1497,2110.898,0.9872552
1045.4272,2111.952,0.98646575
1043.7075,2115.689,0.9863599
1038.2528,2134.0483,0.9866642
1054.5952,2145.8723,0.980755
1059.078,2134.6406,0.98028815
1048.4192,2129.4644,0.98817086
1049.4845,2129.1692,0.98823
1048.5654,2114.1936,0.987362
1051.2612,2085.7112,0.98815805
1046.9451,2109.8794,0.9918079
1054.9886,2107.1257,0.9860199
1053.6516,2106.4077,0.9863581
1059.636,2107.9111,0.9871137
1064.3832,2130.321,0.98602897
1063.5645,2115.3628,0.98845065
1058.4937,2115.4705,0.98710895
1053.3365,2121.724,0.987375
1044.1808,2130.787,0.98532176
1055.6871,2164.0667,0.98591715
1066.1997,2141.9287,0.9808307
1052.7883,2123.586,0.9865802
1055.381,2121.6091,0.9869653
1051.8384,2157.2676,0.9872629
1046.7968,2122.701,0.9857066
1044.5479,2117.704,0.9916161
1050.6538,2113.02,0.99135345
1060.3513,2099.2197,0.98718935
1057.7316,2102.2715,0.9894671
1053.1116,2111.6333,0.98809797
1056.3218,2119.1436,0.98782396
1052.377,2110.5215,0.98835284
1053.3649,2110.5098,0.9890514
1037.8047,2109.6255,0.9878528
1044.9435,2108.8254,0.98721343
1046.9846,2123.4136,0.98663133
1051.534,2123.733,0.98302966
1051.5941,2118.167,0.9832881
1048.6526,2137.5215,0.9810323
1042.9612,2128.7942,0.98620945
1049.0616,2114.866,0.9865976
1048.6217,2087.4465,0.9880409
1046.9974,2088.9966,0.98786163
1043.7816,2093.4363,0.9930763
1055.52,2095.9368,0.9887527
1057.257,2103.37,0.9898258
1058.2518,2107.533,0.9888415
1057.356,2107.1167,0.98863333
1039.4525,2110.1553,0.98735344
1040.4979,2115.7502,0.9872055
1041.2217,2132.9321,0.9865719
1038.8147,2133.563,0.9817254
1039.43,2133.5413,0.9821405
1043.4034,2131.2698,0.98307365
1045.8741,2124.9287,0.9822466
1042.381,2103.8875,0.9881335
1043.2695,2075.7966,0.9894427
1044.6294,2071.3083,0.98911476
1046.029,2074.5771,0.98985225
1046.6584,2073.2769,0.9903543
1054.7296,2085.1545,0.9915073
1059.1846,2085.9739,0.9909067
1057.4703,2087.9187,0.9906562
1045.6198,2088.0474,0.98936206
1034.932,2104.6936,0.98780847
1037.1115,2129.7124,0.9864392
1036.3978,2100.8276,0.9871602
1036.157,2098.756,0.9875238
1047.7324,2132.616,0.9838874
1041.5854,2111.6187,0.9876193
1038.4144,2101.8005,0.98757035
1040.4861,2072.4727,0.9871537
1041.5293,2073.011,0.9870322
1032.8281,2083.2773,0.98688227
1038.8015,2080.3926,0.98974866
1053.5281,2085.4082,0.9887378
1049.1111,2108.1765,0.9878227
1049.9661,2104.6199,0.9870105
1056.3202,2092.3572,0.9905481
1044.4792,2098.549,0.98780245
1031.1506,2114.0916,0.9876795
1027.7961,2137.0095,0.98544645
1026.395,2134.1562,0.9853617
1043.8336,2136.6118,0.9828457
1047.146,2142.3555,0.98376447
1037.1316,2118.4724,0.988867
1033.4626,2113.1406,0.9878846
1034.8807,2105.0686,0.987982
1036.8365,2092.3408,0.98858184
1040.4297,2088.4932,0.9895923
1042.8308,2087.9624,0.9893889
1046.3872,2092.663,0.98968583
1044.1047,2096.8235,0.98976785
1054.5576,2090.2598,0.99104285
1050.1482,2092.5144,0.9894022
1034.4834,2103.0322,0.98703617
1033.6482,2120.6992,0.9853055
1036.2666,2120.1904,0.98515815
1038.9541,2131.9355,0.9812159
1045.1852,2139.3057,0.9807988
1054.786,2143.652,0.98095924
1041.2064,2125.7295,0.9867698
1039.6652,2129.9932,0.98630893
1040.426,2111.904,0.98709655
1036.2085,2089.4941,0.98828053
1034.2349,2084.6665,0.9892169
1045.4171,2090.3164,0.99058294,0.0,0.0,0.19682702
1046.1135,2088.2295,0.9902024,0.0,0.0,0.19662075
1044.0942,2088.2852,0.9897384
1048.1438,2100.1042,0.9893393
1038.9363,2082.4326,0.9885385
1032.5569,2100.3833,0.98855877
1033.9678,2098.1519,0.9886008
1038.046,2122.7532,0.98769915
1040.646,2130.6353,0.988516
1039.8159,2134.363,0.9881231
1025.5491,2133.345,0.98769134
1022.5127,2134.8271,0.98189217
1029.2124,2103.1135,0.9865726
1026.3732,2104.9858,0.98766285
1030.674,2086.2065,0.9883514
1022.42786,2093.9185,0.9894406
1023.0284,2093.1606,0.98938715
1026.1776,2091.6055,0.9895459
1035.5181,2096.2627,0.99002904
1037.511,2095.9492,0.98864347
1038.0673,2092.725,0.98896116
1047.5828,2099.1843,0.98914856
1027.1154,2121.0732,0.9874865
1036.9154,2131.7817,0.9868945
1035.4751,2138.7559,0.9834067
1038.0608,2136.141,0.98286325
1039.3387,2129.6445,0.98337424
1031.3837,2119.1196,0.98827666
1023.4098,2091.7256,0.9887705
1045.9404,2073.66,0.98829424
1045.2825,2074.2446,0.9882969
1034.1012,2072.6914,0.98996896
1034.6069,2071.0154,0.99065924
1036.8502,2088.915,0.99100995,0.0,0.0,0.21711658
1041.1655,2093.8582,0.9889493
1040.5837,2093.2925,0.988918
1026.4502,2100.54,0.9884086
1029.8081,2131.939,0.98586965
1036.9485,2131.8386,0.9822432
1033.2749,2151.519,0.9826596
1032.3005,2151.7466,0.982288
1033.4695,2143.1167,0.9825366
1035.7365,2121.5469,0.98753834
1037.459,2098.1343,0.9875163
1038.9174,2090.8855,0.9884211
1037.1831,2091.272,0.9883697
1035.7839,2086.7766,0.98997355
1044.78,2082.8533,0.9903694
1054.3022,2085.911,0.9893673
1054.4368,2077.2734,0.9886185
1053.3413,2078.1653,0.98871464
1042.9551,2092.779,0.98842746
1036.197,2136.4802,0.9865476
1034.419,2147.2686,0.9809357
1044.8269,2137.4783,0.984178
1042.4805,2136.2834,0.98360425
1035.625,2133.6008,0.98394805
1038.5481,2112.6382,0.9878784
1038.2522,2089.1384,0.9888954
1041.8221,2078.7825,0.9897885
1043.0964,2079.1414,0.9897406
1050.465,2077.5493,0.9899156
1051.2834,2077.5254,0.99077636
1061.0059,2085.229,0.9907611
1055.1427,2096.9185,0.9935363
1064.8542,2085.247,0.9899052
1056.0798,2094.8433,0.9893078
1038.9167,2116.077,0.9876068
1034.427,2124.2712,0.9865774
1039.8469,2143.505,0.9854628
1041.484,2143.2524,0.98562235
1057.6584,2136.5928,0.98345554
1041.5049,2131.8696,0.98371625
1034.6333,2095.3481,0.9885744
1035.4851,2084.1467,0.9892294
1036.8491,2081.6274,0.98902786
1048.589,2074.7676,0.98973083
1036.6066,2077.2888,0.9894048
1039.7561,2090.8545,0.9886903
1057.4302,2097.1794,0.98852485
1055.1115,2096.5005,0.9883044
1041.8813,2104.9814,0.98765415
1031.6287,2112.3154,0.9863484
1034.9114,2137.5962,0.9849605
1033.7025,2143.1743,0.98029757
1034.9214,2140.3193,0.9800239
1042.546,2138.861,0.980515
1033.303,2151.277,0.9807624
1030.3918,2140.6558,0.985649
1028.4661,2103.1648,0.9862662
1030.8223,2102.6902,0.9861682
1049.2693,2087.0322,0.98721933
1044.8599,2082.4258,0.9900894
1043.0461,2086.2505,0.9911075
1045.6212,2092.1265,0.98945135
1044.7675,2089.8916,0.9895298
1045.8938,2095.16,0.9899608
1038.2451,2094.292,0.9882378
1029.4377,2120.963,0.98571485
1023.0282,2145.5703,0.9847445
1024.6951,2145.187,0.9845942
1029.5707,2124.0635,0.98816526
1025.7322,2152.3323,0.9813167
1019.0055,2140.6152,0.98811114
1023.76447,2125.0024,0.98699737
1025.488,2124.6074,0.9868009
1030.1947,2093.7969,0.9864384
1044.9396,2088.6902,0.9870853
1050.3372,2096.062,0.9879313
1042.7356,2096.3718,0.99006444
1040.1252,2095.1377,0.9897086
1047.2494,2101.2793,0.98919415,0.0,0.0,0.2267565
1035.165,2096.352,0.9882235
1026.8254,2098.4631,0.9876495
1028.2815,2131.6475,0.9866745
1025.7458,2136.149,0.9862083
1031.7762,2140.7422,0.9810612
1024.8313,2150.33,0.9816175
1014.9945,2142.8384,0.9858314
1018.798,2106.5642,0.98772836
1019.3877,2107.8223,0.9875595
1016.81506,2091.2397,0.9892168
1032.524,2088.0737,0.9895895
1026.885,2101.2273,0.99313366
1031.0249,2093.934,0.9932373
1029.366,2085.9749,0.9930027
1038.5957,2081.8914,0.9906093
1049.0009,2079.1199,0.9898239
1043.3997,2088.2773,0.989342
1039.9854,2127.097,0.9870789
1041.2656,2126.254,0.98719263
1031.4554,2136.976,0.9858511
1036.3119,2137.572,0.98076904
1036.8958,2139.081,0.98212516
1035.609,2142.4512,0.98568326
1035.6366,2140.7766,0.9852203
1045.833,2115.0327,0.98673147
1053.6362,2089.1772,0.98701257
1050.8291,2090.6511,0.9878749
1054.8873,2087.0757,0.9881698
1052.8027,2084.4348,0.989061
1054.5454,2083.739,0.9891089
1059.4352,2094.2744,0.9896918
1067.1272,2084.878,0.9898739
1047.7609,2108.9624,0.98836344
1046.6436,2107.6768,0.9882917
1049.5194,2126.034,0.9876036
1042.291,2142.6235,0.98740757
1044.4011,2141.863,0.98839813
1041.2822,2138.9583,0.9859892
1040.1621,2138.0583,0.9862124
1036.5071,2129.9507,0.9862045
1040.1156,2107.2598,0.98687404
1056.8607,2097.6572,0.98754346
1066.4594,2098.0862,0.98807526
1066.4119,2099.9595,0.9883292
1064.0084,2096.833,0.98764557
1072.2037,2097.556,0.9879331
1055.6095,2084.867,0.98848957
1037.7476,2118.4243,0.986272
1040.5305,2115.8433,0.9859876
1039.7502,2136.9917,0.9846721
1042.9952,2141.1772,0.9790476
1041.2733,2142.1719,0.9878963
1040.8716,2119.8105,0.986925
1039.6649,2121.932,0.9862142
1035.1954,2108.5266,0.987473
1042.1533,2077.2417,0.98893726
1050.0322,2078.9858,0.9893693
1054.4431,2078.4517,0.990719
1056.7097,2072.1924,0.9906635
1064.4899,2076.1816,0.9907036
1058.0177,2089.9492,0.9898196
1048.6401,2085.0771,0.98880476
1046.996,2097.406,0.98822135
1050.2512,2097.771,0.9883881
1043.1088,2136.821,0.9865969
1046.7544,2118.6807,0.98718077
1044.7605,2136.159,0.9877913
1036.455,2129.3179,0.9873001
1036.0178,2130.4153,0.98692364
1035.4318,2111.2085,0.9867634
1037.8351,2088.0525,0.9884106
1052.1749,2079.7476,0.9892539
1046.3699,2095.165,0.9930315
1047.1777,2094.6228,0.9929975
1053.8193,2093.8303,0.988552
1065.0405,2090.2656,0.99017733
1055.649,2091.9795,0.9892434
1044.2269,2097.4194,0.9877244
1046.4197,2096.0269,0.98771125
1034.9415,2130.0078,0.9848564
1038.6807,2128.8582,0.9861703
1044.5063,2140.1453,0.98772776
1050.7561,2122.9585,0.9882814
1050.9529,2121.435,0.98822546
1047.4734,2118.8257,0.98762697
1044.9893,2098.718,0.98721087
1050.1365,2091.891,0.98792833
1069.4922,2088.0867,0.98827165
1070.3772,2086.2776,0.98841107
1056.7883,2085.2449,0.98790514
1059.281,2099.872,0.9872476
1059.3966,2114.481,0.98766
1046.4744,2105.8733,0.98737943
1045.4939,2106.7876,0.9875063
1042.0503,2124.5615,0.98548746
1037.7145,2137.4429,0.9856678
1042.5078,2155.3237,0.9789336
1047.6012,2156.025,0.98073786
1048.1329,2158.1018,0.98083466
1052.1873,2142.9678,0.97972625
1038.7993,2135.852,0.9848297
1045.0792,2096.4521,0.9882406
1051.748,2079.814,0.989146
1048.6294,2083.4187,0.9889459
1058.5449,2075.9521,0.9901648
1060.036,2084.8967,0.99000216
1060.5845,2098.1548,0.9894795
1071.9906,2103.8796,0.9882983
1069.4009,2104.206,0.9886452
1040.5836,2105.0596,0.98840547
1031.158,2138.9846,0.98640764
1039.7476,2143.98,0.98628706
1043.0876,2143.4172,0.98712707
1044.9121,2141.935,0.98736584
1049.243,2144.2085,0.9879055
1036.2114,2130.108,0.9882543
1035.5144,2119.1924,0.9879131
1041.3923,2099.9575,0.9878619
1039.9961,2096.9539,0.98851866
1053.2699,2092.009,0.9897389
1061.1653,2097.003,0.9892196
1058.3301,2105.7837,0.98811007
1059.2961,2116.414,0.9886607
1059.7976,2113.1401,0.9886225
1059.2208,2120.7178,0.98759836
1052.0024,2116.293,0.9876467
1035.0306,2140.6782,0.9861026
1045.1211,2156.4155,0.9859388
1045.0342,2153.8276,0.98644024
1057.3745,2159.7793,0.9835331
1049.0569,2145.3772,0.9880889
1045.2894,2134.544,0.9881732
1044.1903,2118.7349,0.98754907
1044.3031,2127.892,0.9864057
1053.273,2101.8647,0.9881607
1071.1178,2091.663,0.990289
1066.2361,2101.785,0.99071395
1067.0349,2109.8838,0.98989886
1067.5193,2110.6396,0.99051124
1070.4205,2115.517,0.9889404
1054.6578,2128.2793,0.98634493
1044.319,2147.935,0.98688227
1057.8411,2155.7295,0.9864255
1057.2479,2153.4307,0.98681647
1054.1909,2156.4849,0.9831498
1054.2319,2136.8765,0.9867208
1045.7905,2127.323,0.98673844
1054.8114,2115.4182,0.9882245
1053.6461,2117.0088,0.9879633
1059.3977,2097.0193,0.9887367
1076.734,2081.2288,0.9904122
1076.3235,2094.4268,0.9891501
1068.3499,2107.4736,0.9889493
1068.5491,2105.0132,0.9890409
1076.5383,2108.4727,0.9883817
1063.5354,2118.4058,0.9867958
1040.7516,2170.7458,0.98762393
1043.7175,2150.4119,0.9869818
1042.5781,2152.6565,0.9868002
1048.1167,2158.5413,0.98014545
1054.789,2154.4246,0.9812903
1040.413,2144.2024,0.9865313
1039.8276,2141.665,0.98726916
1039.9758,2124.5493,0.98797965
1054.2732,2100.0361,0.98920643
1058.2725,2092.7307,0.9905804
1055.8328,2089.7964,0.99092394
1054.493,2091.7424,0.9908772
1056.6969,2100.7246,0.9911299
1056.644,2109.8564,0.9897713
1058.2848,2109.4482,0.9885203
1045.1047,2123.9885,0.98757255
1043.9856,2126.2039,0.9871579
1043.9894,2154.439,0.9853962
1059.253,2160.4773,0.9808518
1067.4639,2158.0764,0.9835491
1054.8887,2165.6272,0.98251003
1055.8372,2165.9739,0.9826837
1046.7319,2145.9473,0.9872585
1043.477,2115.786,0.9868564
1056.595,2098.0505,0.9879106
1060.2563,2105.6768,0.9919578
1059.5042,2105.4712,0.9921638
1049.3339,2122.2354,0.99260825
1064.0618,2103.682,0.9897404
1062.8662,2124.3008,0.9877928
1044.5051,2123.5908,0.98679405
1042.1122,2126.6123,0.9866377
1037.5052,2149.3726,0.98623174
1042.8783,2149.375,0.98586845
1052.229,2158.2095,0.9830912
1045.2849,2160.734,0.9816912
1042.3983,2157.1597,0.98230547
1037.958,2143.3767,0.9877893
1034.6006,2120.2766,0.98768204
1046.622,2098.0718,0.9889452
1043.8076,2106.5032,0.9889003
1044.2343,2101.72,0.98904663
1038.2893,2105.1807,0.9900709
1039.8889,2109.1428,0.9895084
1045.3575,2111.8389,0.9890114
1041.7686,2116.1677,0.98872864
1038.4728,2116.23,0.9887304
1035.2476,2120.3105,0.9873374
1029.7609,2154.5156,0.9865704
1027.1069,2132.1235,0.9886292
1042.8286,2133.1177,0.9867731
1042.6388,2132.203,0.9863988
1041.7721,2142.536,0.98870647
1039.074,2132.1338,0.98826075
1021.7147,2127.3904,0.9853758
1029.9854,2112.9663,0.98609364
1028.2969,2113.8435,0.98571384
1039.3403,2092.0293,0.98773617
1038.6127,2097.3584,0.9891888
1042.4043,2096.0713,0.9895894
1046.7299,2100.0369,0.9897955
1047.4893,2096.545,0.989164
1044.585,2087.208,0.9886885
1015.33026,2125.7922,0.9880436
1031.9268,2147.608,0.98798186
1046.0806,2142.8972,0.98539704
1045.5458,2145.782,0.985897
1054.4656,2147.319,0.9845955
1027.8484,2143.645,0.9885462
1028.9141,2126.9531,0.9883273
1027.6769,2111.974,0.9865587
1026.7878,2109.5151,0.9862562
1039.4869,2094.294,0.98754466
1036.5028,2096.656,0.987929
1039.1023,2100.392,0.9890349
1042.8464,2095.9883,0.98944294
1040.3947,2097.5488,0.98943114
1037.6732,2098.0989,0.988691
1021.55054,2104.7964,0.9881352
1017.9961,2143.2837,0.98689586
1029.7731,2153.8655,0.98203665
1027.4379,2152.0483,0.9820753
1035.9744,2148.4424,0.98586524
1040.419,2145.5884,0.984551
1026.9453,2134.874,0.9881252
1019.1211,2115.5845,0.9862881
1018.9485,2115.3464,0.9865328
1032.7075,2104.5566,0.9862071
1038.7129,2081.6907,0.98798114
1035.8862,2098.8403,0.98844427
1038.0552,2104.8345,0.9890415
1038.3484,2105.5771,0.9889015
1046.612,2096.5415,0.988586
1046.6632,2104.6514,0.9890099
1032.4819,2122.871,0.9862067
1028.676,2151.4546,0.98735285
1028.7686,2154.4065,0.98709923
1030.1786,2145.3218,0.9884688
1050.5743,2157.263,0.9833656
1045.4702,2139.938,0.9892371
1038.8156,2136.5417,0.98770756
1037.8127,2141.042,0.9876351
1031.7937,2129.4512,0.9865954
1035.7612,2108.6326,0.9855285
1045.3083,2098.7168,0.98738456
1039.6404,2101.5947,0.9884815
1039.1295,2100.8398,0.9880342
1039.5597,2107.0413,0.9887289
1044.1499,2101.249,0.98786575
1032.7438,2116.969,0.9873111
1023.867,2110.7268,0.9876385
1025.2397,2109.3364,0.9879261
1025.0839,2143.7334,0.98681706
1028.7979,2151.6028,0.98847324
1043.7057,2164.2517,0.9850786
1045.3616,2143.013,0.98916095
1049.0328,2141.3213,0.9890476
1037.3536,2135.9272,0.98859006
1042.1552,2112.8584,0.98739445
1039.2731,2091.5989,0.9873267
1044.3451,2087.2366,0.9870838
1041.6641,2100.1064,0.98717785
1047.2246,2104.6382,0.98813206
1050.6008,2107.6636,0.98780197
1052.1337,2107.017,0.98805726
1043.6543,2109.4482,0.9871442
1044.2625,2110.3984,0.98651993
1023.06226,2140.3618,0.98604506
1028.6274,2154.6025,0.9858423
1041.1046,2141.8196,0.9884077
1052.1099,2144.9814,0.9887961
1051.8756,2146.0486,0.98850316
1037.9562,2144.0488,0.9863533
1030.9232,2122.0747,0.985567
1051.3884,2089.6572,0.98676014
1043.4958,2096.2747,0.9878824
1041.9131,2097.6465,0.987895
1046.0817,2102.5208,0.98849505
1050.0319,2109.7402,0.98870474
1054.8489,2110.7178,0.9886912
1047.7288,2113.3982,0.9877893
1047.2915,2113.2456,0.98809475
1029.9943,2128.94,0.9873083
1036.7917,2145.6162,0.9873648
1051.3478,2138.0784,0.9871575
1050.4412,2145.14,0.9808865
1049.0791,2147.7832,0.9809083
1030.7661,2145.1628,0.98115313
1033.8458,2121.961,0.9864776
1045.0903,2102.5068,0.9868231
1047.4141,2088.0288,0.98847044
1048.0312,2086.1365,0.9887523
1054.2163,2096.1055,0.9888573
1054.6333,2092.6892,0.98898834
1052.169,2093.2043,0.9887332
1051.005,2107.2983,0.9880183
1049.2247,2106.975,0.9876303
1024.2842,2116.6458,0.9873984
1031.068,2134.0522,0.9870989
1047.3052,2132.206,0.98728675
1048.684,2147.755,0.98186284
1049.2219,2140.2207,0.98677164
1048.312,2141.391,0.98261744
1031.4054,2138.0854,0.98654735
1059.259,2098.3533,0.98541564
1038.3878,2097.1768,0.9870208
1037.6277,2100.461,0.9864957
1040.0531,2102.3313,0.98791456
1047.5974,2097.1177,0.98883456
1045.079,2111.0151,0.98867303
1048.5177,2109.3188,0.9887998
1048.6462,2108.4766,0.988613
1050.3727,2105.5847,0.98776954
1036.478,2119.4543,0.9859433
1036.146,2150.1492,0.9874401
1045.6631,2163.0747,0.98229724
1043.3944,2158.232,0.987895
1041.3424,2159.147,0.98885566
1038.2382,2156.333,0.9804669
1033.4119,2146.151,0.98700887
1041.5674,2118.064,0.9867388
1041.6958,2111.453,0.9875788
1045.0442,2106.2495,0.9874664
1050.1382,2110.0305,0.98733044
1052.5829,2103.187,0.9889326
1055.3242,2116.5344,0.98850095
1053.6602,2115.463,0.98811626
1063.7098,2110.4187,0.9877725
1047.5264,2115.3733,0.9854584
1033.1646,2144.3271,0.986297
1048.2252,2155.4858,0.98624206
1049.2053,2153.389,0.986035
1051.159,2166.2805,0.98299485
1055.3997,2164.0176,0.980821
1043.4624,2153.5771,0.9868767
1032.2207,2144.0713,0.98505986
1033.6638,2147.2168,0.9847595
1035.4155,2121.8845,0.9858495
1047.7393,2106.1807,0.9879362
1051.5791,2110.9526,0.9870739
1053.122,2114.7412,0.98830354
1051.6184,2116.242,0.98827225
1055.2937,2123.6453,0.9884801,0.0,0.0,0.2140041
1058.708,2127.396,0.9876402,0.0,0.0,0.21534528
1043.0458,2128.6248,0.9860321
1035.0458,2153.3945,0.98567736
1035.8284,2154.5383,0.985641
1044.929,2159.1118,0.9855273
1038.0977,2168.2869,0.9808754
1043.5842,2162.7964,0.98081607
1035.5208,2146.6174,0.9864211
1037.7539,2147.5513,0.98703647
1032.834,2146.4612,0.9853799
1049.9573,2114.5146,0.986466
1052.9893,2115.8052,0.9877016
1046.7134,2119.5464,0.9881039
1047.2294,2120.7158,0.98834944
1047.0342,2124.461,0.987953
1048.8381,2121.5432,0.9876446
1041.9485,2123.8618,0.9874178
1030.2798,2140.9639,0.98673195
1032.2823,2140.4858,0.9865454
1038.6633,2151.2422,0.9864842
1032.1754,2164.9766,0.9810352
1043.7476,2165.2212,0.9814781
1031.6134,2164.6895,0.9809306
1032.0056,2158.3184,0.9868919
1031.4646,2145.5288,0.9870991
1032.1051,2126.9482,0.9865688
1045.0886,2105.5066,0.9885105
1045.5321,2109.4412,0.9886741
1044.7274,2108.8271,0.98881185
1048.7986,2097.831,0.9907064
1054.3235,2096.7239,0.98989826
1051.7441,2102.3303,0.988938
1053.8096,2098.2593,0.98938864
1051.8467,2100.6985,0.9894449
1033.598,2142.8164,0.9875875
1043.29,2149.3271,0.98785853
1056.5002,2155.2632,0.9842643
1056.0546,2163.7512,0.9850734
1053.589,2166.9238,0.9849784
1052.3608,2145.7349,0.98427933
1034.4286,2136.1895,0.9887893
1056.9683,2100.8457,0.9877627
1045.9501,2097.5647,0.98915327
1048.6343,2091.5054,0.988741
1048.4419,2098.08,0.9895706
1036.5098,2102.424,0.9903188
1038.7185,2107.422,0.9902554
1042.3453,2106.1494,0.9901433
1044.3162,2110.8037,0.9885937
1039.3375,2104.5,0.98743546
1030.1769,2142.9795,0.9869767
1049.8243,2153.42,0.98770833
1050.7025,2152.0205,0.9878066
1055.1194,2157.1604,0.98517424
1049.6647,2166.581,0.98369825
1040.0051,2155.2139,0.9877009
1030.274,2149.3325,0.9865043
1031.1067,2147.7012,0.98652065
1039.0905,2123.1138,0.9868066
1051.4507,2101.7935,0.98833346
1043.8458,2108.462,0.9886828
1040.6711,2105.6843,0.9893194
1035.7767,2108.5493,0.98939055
1035.3815,2117.7654,0.98916656
1044.6525,2127.3398,0.9881457
1042.4939,2123.2998,0.9875924
1033.2897,2148.9397,0.9863414
1031.0542,2150.5305,0.9860852
1036.6106,2157.6396,0.985796
1045.4067,2162.9739,0.98417145
1052.6764,2164.1147,0.9844779
1037.0364,2163.1562,0.9835148
1038.8872,2161.0193,0.9831312
1034.3705,2144.4084,0.9877078
1042.3501,2115.2678,0.9868521
1048.357,2098.981,0.9883541
1049.9199,2099.0303,0.9899796
1047.4536,2102.1438,0.9895074
1041.363,2106.178,0.9884426
1039.5723,2113.1055,0.9881991
1037.7087,2116.1401,0.9877495
1028.5897,2127.0974,0.98611593
1029.0889,2125.3784,0.98605853
1029.6812,2155.1638,0.9865411
1039.5627,2167.5286,0.980859
1044.5586,2173.1858,0.98316145
1037.405,2166.4705,0.9818112
1036.4628,2166.9753,0.9817529
1031.4004,2152.4536,0.9880676
1031.1166,2140.4216,0.9863107
1030.2573,2127.6763,0.98692733
1039.6722,2110.586,0.9883989
1043.3374,2108.9421,0.98873705
1056.1667,2104.6719,0.98872304
1050.7732,2115.229,0.9887272
1056.8103,2118.7544,0.9883448
1055.3354,2115.2954,0.98790073
1051.9498,2113.9133,0.9876517
1036.7988,2131.6106,0.98585653
1039.1448,2149.9888,0.9875804
1044.331,2163.0063,0.97992253
1053.564,2148.85,0.98425335
1049.1918,2152.0063,0.98350877
1052.7891,2155.7559,0.98158294
1039.9314,2140.9067,0.98778707
1039.032,2127.4146,0.9866614
1054.8552,2093.139,0.9873076
1054.4233,2094.4412,0.98703617
1056.4889,2100.1365,0.9883022
1048.0889,2109.6528,0.98965186
1042.8378,2117.2195,0.9882527
1044.782,2121.6765,0.98775333
1045.2472,2123.5935,0.9872573
1047.8481,2121.2754,0.9873745
1028.539,2139.6218,0.98607606
1028.5497,2158.961,0.98529214
1032.8931,2157.0813,0.9837087
1029.2999,2158.8735,0.98406255
1040.6887,2154.894,0.98643064
1032.5021,2157.273,0.9830216
1022.8999,2152.548,0.9806529
1022.61127,2122.9668,0.9863869
1025.4402,2123.2546,0.9864131
1035.8635,2105.4448,0.9884799
1037.452,2109.9001,0.98895836
1041.8418,2113.5374,0.9893518
1035.0605,2120.627,0.98967594
1035.9529,2121.9148,0.99006534
1033.397,2120.601,0.9895376
1024.0608,2118.746,0.98752105
1018.81366,2146.4814,0.98721576
1025.1628,2156.9653,0.9879821
1036.9739,2159.002,0.9836532
1038.9905,2164.3027,0.98401654
1040.0386,2155.5522,0.9851282
1019.87823,2156.3765,0.98201376
1024.4214,2140.914,0.9867156
1022.46295,2140.8396,0.98669213
1030.4696,2116.0662,0.9848897
1039.9618,2110.5154,0.9866208
1036.5598,2114.269,0.98867875
1031.7828,2112.7173,0.9884052
1031.9293,2114.4968,0.9885467
1034.1455,2117.768,0.98850596
1035.8588,2121.4404,0.98826164
1021.81256,2132.4834,0.988219
1020.49493,2152.4978,0.9877413
1019.56226,2152.1555,0.9876687
1032.0795,2160.8403,0.9880123
1042.208,2163.5076,0.98656255
1034.5785,2157.107,0.9849819
1034.2792,2148.7124,0.98216504
1035.96,2143.2996,0.98297113
1030.4098,2127.3293,0.9865502
1029.739,2124.5662,0.98574764
1042.7574,2115.3281,0.9875366
1052.0386,2104.4333,0.988219
1053.5063,2107.6128,0.9882068
1043.2969,2116.5845,0.9885726
1043.4581,2117.4568,0.98924387
1041.3633,2116.7595,0.9885766
1030.475,2123.7385,0.987467
1031.7585,2125.16,0.9881319
1032.7537,2153.697,0.9878604
1035.4318,2145.0815,0.98719656
1044.675,2159.6667,0.98397994
1040.1519,2156.1165,0.9828225
1040.7167,2159.059,0.9826858
1033.5786,2138.982,0.9890654
1024.5728,2130.0972,0.98725754
1029.2156,2112.653,0.98711
1037.2627,2112.9792,0.9875287
1041.3419,2110.2886,0.98736876
1036.1869,2110.9475,0.98979735
1041.9093,2115.9434,0.9908573,0.0,0.0,0.1711831
1041.0919,2116.6296,0.9905997,0.0,0.0,0.1826304
1042.9609,2110.108,0.9900545
1045.7583,2108.9048,0.99061745
1033.174,2122.852,0.98871
1025.0952,2156.5403,0.98717403
1030.1128,2167.085,0.9827512
1040.7833,2163.4844,0.9846326
1042.0696,2163.7637,0.9845322
1032.2131,2165.5083,0.98468554
1031.0159,2139.9546,0.9881467
1023.4895,2136.492,0.98688054
1030.1138,2117.1187,0.98804283
1030.8601,2117.3062,0.9878612
1040.7076,2103.2612,0.9889004
1033.4697,2105.6245,0.98925656,0.0,0.0,0.20103145
1030.6189,2113.1208,0.9889426,0.0,0.0,0.19003622
1030.953,2120.094,0.9892203,0.0,0.0,0.18526976
1032.6382,2116.1846,0.98959994,0.0,0.0,0.1840391
1024.2446,2119.6711,0.9881066
1025.5037,2145.718,0.9870782
1027.9749,2155.2856,0.9867671
1037.3921,2161.5913,0.9829828
1036.7522,2162.3235,0.9823153
1037.8748,2184.5454,0.9875994
1034.7842,2157.8625,0.9818771
1023.5169,2142.4849,0.9811327
1018.74225,2130.0823,0.98611903
1020.43384,2128.0347,0.98629445
1029.5562,2111.4482,0.98787093
1030.5845,2108.0461,0.98900896
1034.0051,2109.6646,0.9891038
1031.0386,2114.4832,0.9886712
1031.3561,2112.465,0.9886801
1034.2974,2108.6553,0.98932695
1026.7505,2110.7266,0.9871724
1013.11316,2139.1294,0.98704195
1028.6692,2156.6902,0.98212254
1026.097,2158.7834,0.98151726
1041.9177,2188.12,0.9868773
1026.5153,2168.7856,0.98812383
1029.7065,2145.9482,0.9822505
1025.6862,2130.134,0.9828425
1027.9365,2125.985,0.9831497
1028.638,2104.1836,0.986935
1041.0486,2088.8691,0.9881054
1034.3384,2103.8862,0.9882891
1036.0125,2108.327,0.9887977
1034.939,2106.9927,0.9890258
1031.7866,2115.063,0.98951846
1042.1816,2109.091,0.98980206
1032.6475,2124.358,0.9876079
1022.94214,2148.573,0.98950934
1023.2927,2150.6118,0.98874193
1030.6371,2149.91,0.98416936
1038.4636,2186.583,0.98614955
1042.4794,2155.7993,0.98945564
1029.5417,2144.949,0.9833739
1027.7719,2145.6055,0.983444
1026.6584,2129.2795,0.98769826
1037.973,2117.5112,0.9868847
1031.8474,2119.6006,0.98771787
1037.209,2116.714,0.9883227
1038.0635,2114.6758,0.98867303
1037.456,2111.2441,0.9894404
1047.356,2110.9866,0.98928773
1040.3477,2117.6992,0.9885875
1027.0117,2135.3784,0.986379
