706.92676,2994.503,0.88682103
708.70044,2991.8765,0.90369225,0.0,0.0,0.035980966
710.78784,2991.698,0.90529084
719.75635,2986.576,0.9093013,0.0,0.0,0.045072418
714.60406,2987.6243,0.90820694
709.542,2980.1562,0.9124947,0.0,0.0,0.10582748
706.9564,2988.072,0.9157962,0.0,0.0,0.012546096
707.20184,2987.4485,0.9205288
747.23785,2969.3838,0.91631746
740.86176,2975.1367,0.9117095
747.14667,2975.3455,0.91091096
709.3218,2990.7307,0.9188979
718.87994,2962.6099,0.9099646
719.943,2965.9634,0.9008799
713.6089,2991.0613,0.9103921
714.87366,2997.221,0.9103342
713.34357,2992.3767,0.9135347
718.07336,3001.43,0.9132024
719.28394,3000.1694,0.91764927
721.0409,2997.4902,0.9187016
721.2618,2994.6265,0.92415035
720.63043,2997.4639,0.9257669
725.6109,2995.3945,0.9238851
728.3755,3004.9211,0.922809
715.4815,2993.4124,0.9277337
711.2521,2996.9146,0.9281676
725.2302,2982.2258,0.9224651
733.20447,2985.268,0.92704964
749.9375,2972.5425,0.9098414
744.7284,2984.6694,0.9078816
745.90454,2976.0962,0.9138169
741.4973,2981.706,0.9207521
727.60046,2987.3784,0.9273337
725.20624,2994.525,0.9282769
726.51764,2994.345,0.9229256
717.3541,2987.872,0.92755747
719.0055,2996.0208,0.92400324
720.8928,3002.134,0.9225965
723.18823,3003.8618,0.92186403
728.24286,3002.53,0.9258483
730.3501,3004.101,0.9279672
729.81177,3010.576,0.9306595
727.3939,3012.7986,0.93284214
730.86975,3016.7712,0.93384665
739.51117,3016.894,0.9346266
743.49524,3012.9368,0.93742377
775.3189,2956.3594,0.93318665
740.2791,3009.3875,0.9356319
734.07544,3009.4167,0.93249184
728.15,3012.0327,0.93164575
720.4237,3010.5796,0.9346496
718.26953,3003.7317,0.9310562
718.359,2998.7527,0.92660624
717.8051,2998.606,0.92415625
726.6217,3000.2512,0.92149484
723.4715,2996.0186,0.9267351
727.67834,2999.1777,0.9280674
726.5515,2998.335,0.9309673
729.7403,3002.368,0.9321201
734.0122,3002.9329,0.9349008
729.7275,3009.4854,0.928106
730.38666,3013.4263,0.92741346
728.0835,3012.306,0.93069303
738.2849,3016.9463,0.9307642
746.86505,3019.417,0.932909
754.7232,3011.2964,0.9352304
750.61285,3012.669,0.93625104
742.5536,3014.148,0.93765765
748.579,3014.2039,0.9353231
736.807,3009.0107,0.9352133
734.52997,3003.5737,0.9331553
728.64795,3003.912,0.93011
724.28723,2994.5667,0.9304369
724.8911,2992.0715,0.93066496
723.95087,2990.2075,0.9285798
724.71844,2987.8726,0.9315616
724.42676,2989.9543,0.9332106
721.91254,2987.755,0.93337303
724.2823,2989.3984,0.93392646
724.94006,2993.6719,0.93594265
726.1217,2997.0884,0.93510395
724.7616,2998.42,0.93669057
730.01843,3004.0938,0.93376803
738.9437,3003.7024,0.93505305
746.3561,3004.4011,0.9351809
754.6096,2993.961,0.9390762
755.3769,2993.442,0.9376822
746.3864,2997.8123,0.9348214
740.11615,2999.358,0.93702275
735.02655,3000.2542,0.92897964
733.4652,2996.6865,0.9314253
727.60876,2994.5366,0.9309187
729.59125,2992.5974,0.93423593
724.23975,2988.901,0.9338545
724.11926,2993.0964,0.9312885
725.01404,2991.2979,0.9317902
730.5987,2991.9006,0.93268967
731.55304,2994.8162,0.93522656
728.03174,2997.4531,0.9343625
708.81775,3001.2832,0.92113054
717.36414,2998.313,0.92322564
742.2389,2997.5532,0.9307678
750.41296,2993.915,0.93195105
755.0268,2990.4,0.93400997
759.7411,2988.9937,0.9356118
759.25946,2988.975,0.93603915
738.8901,3001.3462,0.93193305
722.73413,2986.2856,0.9253467
704.1608,3003.671,0.9224496
723.2178,2997.3647,0.9266041
724.5218,2995.0962,0.9272897
722.4685,2989.8643,0.93030155
719.54456,2993.2537,0.93014544
722.97864,2995.31,0.9308057
722.1795,2996.3442,0.9306286
728.33075,2990.042,0.93341446
725.2815,2992.7454,0.9348536
706.8771,3005.8962,0.9178438
704.2095,3008.5073,0.9215702
693.61615,2996.9011,0.92079294
728.3092,2972.1123,0.9364423
745.33826,2959.8298,0.9272586
751.58844,2956.6133,0.929746
745.2627,2957.0903,0.9279411
733.8562,2961.3477,0.9262188
719.163,2983.3088,0.9271649
699.0929,2988.745,0.92839843
695.42114,3001.2317,0.919055
698.99084,3003.7896,0.9142424
712.2418,2993.8076,0.9284447
718.18634,2990.299,0.9331161
719.452,2995.37,0.93002397
720.3252,2994.4531,0.9294399
721.8981,2995.6902,0.9318526
727.5598,2993.759,0.93542176
726.6642,3001.3867,0.9323029
721.39136,3000.6577,0.93209344
709.1318,3004.481,0.9314295
727.04626,3002.1643,0.93936855
746.32837,2979.751,0.94904876
756.50964,2994.711,0.938994
755.2871,2976.392,0.94622135
745.25085,2983.4087,0.9447822
741.23,3007.3267,0.93659556
760.04553,2993.784,0.93943185
743.3025,3001.9321,0.93416226
729.44165,2998.9375,0.9308942
733.4101,2989.6414,0.9304018
728.9791,2992.422,0.9276814
726.70325,2989.8145,0.93104136
725.4236,2996.0923,0.9288283
722.59143,2994.3127,0.92950225
723.7466,2995.7358,0.9308188
726.1448,2991.2898,0.9364347
719.31506,2991.8083,0.93173504
703.9606,3004.0352,0.92191464
714.9995,2995.708,0.9269516
713.4714,2987.0647,0.93320495
737.9253,2976.1438,0.94368285
753.65533,2974.6587,0.9426163
738.7205,2982.787,0.93758994
734.6714,2982.7463,0.9393985
744.5333,2975.1396,0.9407606
730.9612,3010.649,0.9216863
731.1169,2999.844,0.92922246
721.3358,2998.6965,0.92491674
719.05835,2995.3892,0.92843974
718.31213,2996.8047,0.9261332
719.8447,3006.087,0.9224149
720.7242,3004.3516,0.9262518
721.3914,3004.7595,0.92713296
722.51416,3004.7087,0.92972034
723.97943,2999.2935,0.931461
720.7075,3002.2302,0.9293193
701.71155,3013.9543,0.91016495
704.9365,3008.2205,0.91866904
727.11743,3015.9111,0.9258661
729.76154,2987.5354,0.9317644
745.45874,2979.6467,0.93073756
750.2108,2974.0422,0.934094
747.4978,2952.8125,0.9189248
741.22644,2997.0537,0.93414915
726.7766,2999.3984,0.933258
696.30304,3009.7446,0.92065036
698.30786,3008.284,0.91717917
719.9507,3000.1633,0.91943747
717.2869,2993.397,0.92511183
722.315,2997.196,0.92187834
724.4284,2992.8838,0.92648566
724.0542,2993.6655,0.9265865
719.8954,2988.6948,0.9304495
724.9254,2987.977,0.93266684
708.5216,3006.6294,0.91527003
706.1962,3011.11,0.9225484
714.6455,3005.5508,0.92602885
713.90295,2999.6445,0.92757624
733.9825,2984.8691,0.93621886
735.59644,2985.723,0.9390904
753.9505,2966.621,0.9226538
752.1128,2963.2026,0.92375517
750.42975,2959.7893,0.92712545
709.31226,3002.4473,0.92846274
707.6228,3003.9675,0.9291798
721.6172,3001.858,0.9271357
721.1391,2999.5393,0.9308744
724.9856,2991.459,0.9321162
725.88666,2997.2212,0.93161625
723.0022,2997.6294,0.9315194
720.629,2996.5796,0.93033797
720.35596,2997.938,0.9317726
721.2445,3000.2163,0.93373954
717.6813,2999.4167,0.9330079
708.61615,3012.0999,0.9165898
711.35834,3006.5034,0.92187643
718.5266,3006.8267,0.920778
734.5849,2994.153,0.9367187
757.6434,2967.6426,0.92611104
750.886,2970.6309,0.9210012
721.64954,2989.4407,0.93656486
708.37976,3004.8657,0.923648
694.8426,3007.9734,0.924479
699.5503,3007.6033,0.925733
699.286,3009.755,0.922443
715.3244,2994.87,0.93224
717.9441,2997.154,0.93136096
718.2233,2997.4204,0.9316981
717.90546,2995.9656,0.93052256
716.96466,3003.1602,0.9295593
722.14185,3002.6797,0.92715526
722.5067,3005.199,0.925345
720.14575,3005.4243,0.9263934
728.3992,3015.5994,0.9255583
729.86926,3014.4683,0.92869884
754.58765,2962.5105,0.93186814
762.8619,2962.6426,0.92705077
772.3142,2965.4348,0.9277551
772.8374,2966.8457,0.927221
751.6104,3006.4756,0.93385243
758.45197,2962.1997,0.93151164
729.0086,3011.1448,0.92747796
722.6821,3004.5452,0.9343717
718.32104,3004.8298,0.93308544
725.8932,2996.6865,0.9329534
726.48145,3000.018,0.92998534
723.2111,3004.3896,0.92728275
721.1394,3009.616,0.92551297
722.3088,3008.2268,0.9273133
720.5061,3006.5862,0.9303504
724.3867,3006.623,0.9307176
716.94275,3009.7188,0.92909586
712.49066,3012.0708,0.9315969
711.9432,3011.9019,0.9321008
745.4247,2959.6306,0.92820776
739.59467,2966.707,0.9224061
734.803,3016.1096,0.9195806
737.7578,3016.1724,0.9223581
748.8983,2968.807,0.92576456
742.521,2966.832,0.92755693
731.5737,3003.318,0.9373719
720.11536,3009.569,0.93263835
728.1156,3009.6497,0.930584
741.2875,3003.6628,0.9303524
735.0848,2999.4658,0.93092966
742.973,3000.9565,0.93123686
728.9207,3000.4119,0.9323337
718.8975,2999.5864,0.9328136
720.15906,3000.6309,0.9317287
720.5808,2999.8794,0.9330709
722.46533,3001.4717,0.93367314
723.52905,3008.335,0.9308968
720.45386,3006.3325,0.93465936
732.7965,2967.4463,0.91994977
733.3074,3017.0605,0.9168579
735.195,3016.3818,0.9183257
738.12744,3009.139,0.9217962
736.7968,3011.5337,0.9173792
734.5402,2968.5112,0.9218921
741.55206,2963.6177,0.92255783
735.25836,3011.733,0.93103606
722.5359,3010.1704,0.9285195
722.94116,2997.0928,0.9287103
725.51495,2997.6448,0.9262547
728.07587,3000.4375,0.9254462
729.2643,3004.9966,0.9215621
728.9845,3001.355,0.92657566
726.0646,3007.2085,0.925635
721.6661,3006.2217,0.92898345
723.7014,3008.435,0.9311198
727.06714,3008.6663,0.93007964
739.9574,2952.3809,0.9353711
735.2883,2967.1033,0.9239153
750.9586,2974.7744,0.9207275
727.489,3021.742,0.9189009
728.6299,3020.048,0.91661215
738.3567,2974.1743,0.9177457
741.33563,2956.192,0.9236208
727.5084,3009.2854,0.9313465
726.6139,3008.4275,0.9275031
721.96326,3002.6638,0.925761
721.05853,3001.1611,0.92888725
721.63055,2998.8635,0.928262
723.03845,3005.709,0.9254743
722.1782,3002.2827,0.9278775
721.1378,3007.2515,0.92717457
720.12256,3004.565,0.9287253
720.005,3004.2537,0.92894423
717.08984,3009.5908,0.92663646
719.4853,3009.6416,0.9290634
719.18384,3010.7197,0.93080384
722.9341,3010.7754,0.93336797
750.86847,3005.5576,0.9336229
741.3447,3010.5918,0.9322019
755.7886,3006.3857,0.932499
762.3567,3002.442,0.93456304
761.57245,2996.5974,0.9334637
744.97266,3007.7207,0.9321676
739.0669,3006.627,0.93315095
728.03796,2999.7007,0.93174064
743.67224,2996.0708,0.9303013
730.6294,2996.013,0.9295106
734.39624,2995.1738,0.92898375
731.5003,2994.357,0.93300503
734.0615,2993.8564,0.9343384
733.8601,2992.849,0.93671274
728.11304,3003.04,0.934163
722.09143,3000.8188,0.9358661
722.3877,3003.598,0.9348869
726.40796,3008.652,0.9306207
728.3727,3010.488,0.9359833
742.5115,3002.0464,0.93777466
734.3646,2969.4385,0.9197542
744.9159,3006.2368,0.9374315
743.2103,2998.3296,0.93335265
739.7122,2996.0627,0.9332131
729.82947,2985.562,0.9246787
734.34607,2986.9001,0.92655146
727.24384,2992.5889,0.937591
726.145,3000.1294,0.92980546
725.08484,2989.954,0.92583215
732.3785,2993.4067,0.92737645
731.62695,2995.272,0.93089753
729.9844,2998.665,0.93069994
725.2998,3002.1487,0.9286087
721.0338,3007.5747,0.93032545
725.7204,3005.201,0.9308434
717.6714,3009.8086,0.9297164
713.0929,3013.2637,0.92755634
719.04346,3016.2673,0.92937523
737.046,3018.8408,0.92356014
739.3369,3014.5408,0.9314104
762.3016,2963.23,0.9324277
745.2266,2987.925,0.93707496
750.9387,2964.3208,0.9276822
747.98535,3004.518,0.9321466
734.36774,3002.9822,0.92645293
740.28503,3000.9841,0.92792743
743.2161,3000.395,0.9253972
725.3379,3002.1147,0.92631394
730.08594,2995.9941,0.9316829
722.3494,2997.5002,0.93236643
727.0607,2991.3545,0.9321443
728.9297,2991.5898,0.9318059
728.614,2996.5723,0.9309949
723.9168,3000.2422,0.93097305
721.0995,3001.213,0.9282289
721.6753,2999.1086,0.9298042
728.2571,3008.7434,0.9268011
733.1459,3002.0327,0.9346281
751.9452,2995.8538,0.9319845
748.49695,2999.9683,0.9307172
758.3906,3001.117,0.9323625
753.4186,3005.8848,0.93380684
747.4697,2998.8572,0.9351506
747.5817,3001.6604,0.9358814
756.65405,3000.004,0.93512857
754.4559,3002.4011,0.93467134
736.7038,3004.2566,0.93275386
726.57056,3000.932,0.9265341
720.42395,2999.3289,0.9241079
717.74414,3003.712,0.9219072
719.51056,3004.742,0.9229532
717.4407,3007.574,0.92642576
720.60626,3006.4834,0.925863
726.3312,3003.814,0.92674375
718.99194,3002.6826,0.9276901
727.1627,3008.834,0.9237062
726.19714,3011.1787,0.93158966
736.86786,3010.4072,0.9331658
732.92236,3000.9495,0.93599665
740.81506,2996.572,0.93612367
745.86584,2996.3474,0.93426836
747.33875,2987.7637,0.93633443
738.56335,2995.6287,0.93705726
736.6279,3006.7642,0.93668145
739.127,3000.477,0.9365552
726.0097,2995.6558,0.9356905
729.6418,3001.8303,0.9309746
733.41046,2997.0417,0.930056
722.12524,3001.1887,0.9288582
725.36554,3002.7595,0.9269711
717.3232,3004.3176,0.92524624
717.52277,3007.8918,0.92652017
713.7975,3005.1995,0.92729825
721.7218,3011.5605,0.9245694
727.7904,3016.9712,0.9204686
742.0193,3010.5166,0.9262146
768.905,2998.9404,0.92974186
761.5538,3008.513,0.9302423
753.9307,3016.4707,0.9309263
755.96545,3015.8096,0.93124837
752.9145,3011.0237,0.9331881
756.2701,3004.3765,0.9357536
760.8967,3004.4814,0.9378907
757.5643,3002.1611,0.93679535
747.6158,3001.6123,0.9346955
744.5875,3004.5845,0.93265504
733.9162,3001.6187,0.9316947
720.9138,2998.6213,0.9272199
722.0616,3001.5122,0.926478
718.08594,3002.3728,0.9267294
726.5775,3005.2114,0.9266425
722.8812,3010.844,0.9262945
725.99097,3016.6692,0.924558
728.3906,3018.4922,0.92359734
725.24286,3016.7668,0.92191106
724.93304,3015.4553,0.9258434
744.2247,3005.8604,0.93400174
772.461,2997.5847,0.9380157
765.56274,3004.0686,0.93928975
766.6096,3001.2534,0.9413906
770.2302,2991.7808,0.94308734
763.9302,2991.636,0.94320405
749.8654,3009.0635,0.93513584
742.912,3006.56,0.92955875
743.1874,3007.7908,0.92800903
736.60803,3009.2944,0.92860734
725.105,3008.4836,0.92842424
726.0503,3012.6733,0.9272514
721.6588,3012.4504,0.92721575
724.58734,3014.746,0.92588145
725.3227,3013.5916,0.9263187
731.74207,3005.804,0.9263698
728.44684,3004.7922,0.9286625
732.86487,3002.9258,0.9332621
748.9642,2994.689,0.93599916
749.0222,3006.3638,0.91843945
731.85266,3011.6282,0.92042184
744.7718,3002.6287,0.92251897
737.70447,3010.0903,0.92695665
740.6318,3011.4592,0.92840385
751.90295,2997.5723,0.9449087
746.608,2989.8018,0.9422815
734.76794,2999.842,0.9368053
725.09607,2998.4192,0.9336762
729.65906,2994.0732,0.9293125
728.81104,2991.7505,0.9333314
729.91315,2989.66,0.93272376
726.28845,2992.281,0.93196464
724.9105,2997.4165,0.92856914
723.71063,2998.5825,0.9298617
718.38226,2999.892,0.93183273
714.5769,3000.9146,0.931154
718.5628,3004.4307,0.9284839
723.3352,3011.5386,0.92648244
732.4005,3006.7285,0.92722917
744.2708,3002.5874,0.9332532
755.1273,2973.4746,0.94376457
742.45105,3008.0361,0.93721414
759.2715,3000.0525,0.93933046
765.8756,2993.4226,0.9404501
738.5288,3009.897,0.93834496
726.9988,3011.4937,0.9331788
722.32983,3011.519,0.93018425
723.2328,3007.8125,0.92751634
729.73517,3001.9194,0.92890924
725.4776,3001.8188,0.92819864
725.4919,3001.5684,0.92981565
725.0111,3002.1558,0.93226075
722.7604,3002.989,0.93144244
717.43054,2997.48,0.9352329
722.9142,3005.2158,0.9266349
711.59204,3011.0398,0.9268405
708.1748,3006.246,0.9254159
718.7261,3004.4055,0.9367597
727.72,3003.6316,0.9342672
731.07043,3002.3127,0.93677264
733.47205,3002.7688,0.9358128
733.2908,3006.6372,0.9374659
735.5451,3002.1626,0.93809545
736.4097,2997.479,0.9400066
733.1234,2997.3237,0.93871766
717.2058,3002.0605,0.92650616
717.48065,3000.3198,0.93361914
728.99725,3003.375,0.9302399
729.0023,3000.6301,0.9313704
720.37134,3001.1475,0.9325133
720.8289,2999.9712,0.93301666
720.37317,3000.3203,0.9312844
718.5511,2996.6895,0.9333128
722.58746,2995.5034,0.931632
717.1232,3006.4766,0.9300837
717.30853,2998.8545,0.9254223
732.14777,2999.233,0.93810046
741.71173,3000.9685,0.9397264
750.48047,2990.0574,0.9429899
730.18677,3003.3718,0.9400191
727.7114,3006.792,0.93936914
725.77936,3006.6953,0.9397581
723.25525,3012.7124,0.93960875
727.3989,3009.4482,0.9383364
729.20013,3012.5247,0.9361874
720.87415,3010.3657,0.93264157
728.1967,3008.1316,0.9285204
730.50476,3006.2793,0.9276747
729.73846,3004.4343,0.92780715
729.5648,3001.4944,0.930893
720.46277,3004.892,0.92823774
724.6382,3005.4482,0.9257042
726.56396,3001.2317,0.92570347
729.31433,3002.5625,0.92489755
735.0995,3005.9873,0.9307982
743.67535,3003.9443,0.93187463
749.2356,3003.6377,0.93662894
754.3594,3001.23,0.93782675
753.08,3001.5986,0.9404436
747.3557,3000.7424,0.94142133
748.97205,3000.0193,0.9406067
737.816,3004.2148,0.9390525
739.119,3004.5098,0.9364372
737.9002,3005.99,0.93480355
731.9929,3007.457,0.9319399
722.053,3005.398,0.92765313
718.7598,3003.121,0.9279668
725.26575,3000.0933,0.9311622
723.31177,3001.5742,0.9314904
713.4813,2999.8423,0.931802
713.27637,3001.6128,0.93119824
715.84186,3000.5728,0.9306145
715.9912,3003.8462,0.92694384
717.815,3005.2563,0.92848605
716.2604,3011.8452,0.9319752
721.329,3006.7063,0.9355871
742.1167,2997.254,0.93779206
737.0572,3000.0476,0.93913865
740.4597,3009.3945,0.91939896
728.2953,3019.6238,0.9203731
740.5835,3004.147,0.9385085
738.5786,3002.4768,0.93885255
733.25635,3007.5586,0.93836933
736.03577,3000.375,0.93731755
735.1694,3001.8613,0.9360322
728.6222,3001.2136,0.93575346
722.1343,2998.6628,0.9300272
726.20703,2997.3906,0.9295873
727.1234,2993.5342,0.93136984
719.7028,2991.767,0.9327376
718.21344,2993.309,0.93350255
720.5585,2994.1226,0.9324761
721.87445,2993.598,0.9334563
727.2295,2996.9863,0.931914
723.4162,3004.7705,0.92885596
719.9868,3007.4229,0.93134713
717.87256,3006.2664,0.9332148
734.6677,3001.677,0.93830025
742.70886,3003.7222,0.93520087
748.10394,3001.3845,0.9367322
742.2808,3003.7095,0.936338
745.9667,3004.244,0.93542874
739.0847,3003.8044,0.93498117
718.77026,3002.1511,0.9272008
722.6544,3007.262,0.93443924
722.37836,3001.1873,0.9316638
733.42804,2998.3384,0.93234134
735.85236,2995.3774,0.9312864
729.4469,2994.894,0.9303302
728.45636,2995.0776,0.92898333
719.58936,2996.215,0.92653304
727.478,2994.9058,0.92931956
727.28577,2997.9102,0.92853314
727.00964,2998.4036,0.92733467
729.3523,3008.2317,0.9287801
732.7593,3010.7668,0.92636514
739.2222,3006.5085,0.92793566
742.84216,3003.7212,0.9316324
736.7624,3001.7173,0.9323255
739.7818,3001.8765,0.933846
746.5613,2995.106,0.9337493
744.8932,2994.456,0.93489385
726.33777,3005.2886,0.93370193
724.0794,3001.8386,0.9326524
723.4031,2996.4258,0.9259231
730.0138,2996.8335,0.92569506
732.00055,2996.8594,0.92721176,0.0,0.0,0.4414212
726.2467,2996.7075,0.92821443
728.3707,2995.0376,0.9302328,0.0,0.0,0.40635645
725.6041,2996.8967,0.9322376
721.4252,2999.1057,0.931826
718.8781,3000.4707,0.9314679
723.06885,3003.6567,0.9287547
729.52167,3011.4238,0.93092084
727.85315,3002.9392,0.9308405
732.65515,3010.9873,0.92775965
732.31616,2990.3394,0.93619156
729.8121,3015.2183,0.9305695
728.51056,3010.2854,0.9327633
724.52216,3010.852,0.93450016
727.6582,3007.728,0.93185043
730.21313,2999.814,0.9341089
722.90735,2993.0781,0.9237253
721.12555,2996.8623,0.9255725
731.2329,2995.6843,0.9319408
730.6588,2990.9143,0.92908126
738.79175,2983.756,0.9314957
729.6925,2986.5386,0.93125314
726.8917,2986.8462,0.93233067
726.60297,2985.4346,0.9332369
720.8457,2985.913,0.9321291
722.5402,2989.5005,0.934277
726.03937,2986.7383,0.9364423
722.8485,2994.1733,0.9305361
729.6929,2999.4226,0.92983925
736.5886,2995.429,0.9263698
733.1975,2995.833,0.9256978
721.85425,3011.4382,0.9273452
716.50806,3019.1753,0.926874
720.8714,3013.8599,0.92777526
724.43115,3009.657,0.92951035
726.8868,3004.722,0.9325771
724.4606,2996.264,0.92053694
719.6731,3006.8955,0.91716796
724.8499,3001.7551,0.9276343
732.73315,2996.302,0.92696726
729.96405,2995.0027,0.92910206
723.73254,2996.9617,0.92659926
723.3437,2995.253,0.9266532
719.7402,2995.6401,0.92816216
723.4037,2994.3748,0.93031657
721.9857,2992.1624,0.9306768
718.5211,3002.9277,0.9261182
716.71454,3004.3274,0.91900957
725.1286,2992.9922,0.9207665
725.9597,3005.0332,0.9232933
725.7182,3007.1123,0.92583525
731.6836,3001.2463,0.9276232
726.7982,3005.1794,0.93035954
726.64343,3005.4053,0.9305946
725.04395,3001.571,0.93110895
724.75836,2999.7808,0.9349129
721.21326,2996.0806,0.9211672
735.01996,2993.7722,0.93123233
719.80096,2997.416,0.92639905
724.18115,2999.0493,0.92489713
731.4402,2998.7776,0.9259134
719.71497,2999.9553,0.92678773
717.65936,3000.2683,0.9244852
718.7803,3005.0232,0.92263126
720.299,3006.603,0.9255813
717.9009,3005.649,0.92666805
726.7026,2999.0447,0.9300067
720.2556,3006.0083,0.9283699
740.3928,2992.4192,0.9331766
732.2298,3010.1702,0.91342306
737.8354,3009.482,0.91418177
747.45215,2994.6682,0.9315846
742.4218,2999.691,0.9313629
751.5577,2994.6982,0.92986006
744.0348,2992.7058,0.93403274
734.207,2990.9802,0.9268338
742.9847,2991.315,0.92714196
733.03186,2993.7476,0.92839783
729.7009,2987.298,0.9313562
724.02155,2988.2427,0.9309092
731.4472,2987.0432,0.9288171
724.721,2986.46,0.9298946
725.9313,2991.3408,0.93080705
722.8904,2994.0527,0.9322165
724.9696,2997.3687,0.93439245
720.85034,3001.8638,0.93272245
718.19214,3001.7642,0.9290958
731.0222,2995.83,0.9335416
734.07367,2991.7644,0.9324994
734.0202,2992.8672,0.934895
734.84436,2998.8267,0.93352664
734.34283,3002.082,0.93300086
723.75977,3002.216,0.9314228
725.93494,2996.4905,0.9365365
722.9994,2998.3665,0.93783545
722.1251,2996.989,0.94045
729.64136,2996.8542,0.9353578
727.8098,2993.145,0.93206805
729.5571,2988.9612,0.9309608
722.91626,2992.5005,0.928042
725.65564,2993.6462,0.9269249
719.3976,2993.6565,0.92662525
719.32263,2994.3887,0.92913914
717.16003,2997.7803,0.93058884
717.6655,2995.7268,0.9309252
718.8895,2997.7632,0.9316863
723.1445,2998.9978,0.93006325
716.55615,3004.6572,0.92681664
725.5783,3008.0337,0.9298975
725.5587,2996.3206,0.9192586
734.2238,2998.898,0.93304354
734.64514,3001.892,0.9324962
736.276,3000.4294,0.93257415
731.8577,2998.8052,0.9343047
732.91235,2992.6057,0.93381983
725.6843,2988.686,0.93729055
732.9885,2990.0918,0.9372454
710.2092,2998.4714,0.92135465
723.8919,2998.228,0.92318803
725.25183,2992.5933,0.93246293
719.99414,2990.7505,0.9299413
729.87915,2990.7544,0.9311724
718.05927,2984.4688,0.92994034
721.1393,2989.2893,0.9297365
719.4996,2990.1848,0.92827475
716.9742,2992.227,0.9286861
716.19855,2993.603,0.93107164
710.09106,2997.1177,0.9297366
711.2516,2998.419,0.9285323
725.86725,3000.2402,0.929808
726.91296,2999.3735,0.93219465
732.31665,2994.2324,0.9347561
742.28723,2993.2556,0.9357227
736.9554,2992.1255,0.9367897
729.8778,2996.477,0.9372532
725.9535,2996.7603,0.9351463
721.50793,3001.3018,0.9316802
719.5772,2994.402,0.93378145
719.18665,2997.9136,0.9303455
718.00977,2990.3054,0.9299342
718.8628,2988.26,0.93042564
720.65735,2989.1055,0.93299466
718.78235,2992.8591,0.9313874
717.34436,2992.0771,0.9329023
717.6373,2992.835,0.93010646
718.1179,2996.6172,0.9297846
718.5441,2991.2205,0.9306519
714.4263,3000.065,0.92861456
717.32275,2998.6272,0.93297625
711.88965,2995.366,0.9222297
730.3342,2994.5374,0.93721557
735.0875,2994.519,0.93642503
726.02026,2999.204,0.93482757
733.44214,2997.253,0.9350981
714.6669,2992.9487,0.9284383
713.48413,3000.9382,0.9217529
721.5961,3004.4949,0.9341889
709.7518,2997.5164,0.9307989
716.76733,2997.8943,0.92741656
715.73267,2999.81,0.92764044
717.29297,3004.5166,0.92861456
713.7361,3005.4863,0.92998046,0.0,0.0,0.47206935
714.83936,3006.8157,0.92851186
711.7721,3008.774,0.92790055
716.9435,3002.607,0.9290145
719.0429,3005.358,0.9251233
714.3635,3003.9136,0.91918206
727.55164,3000.308,0.93237597
731.932,3005.1692,0.93116844
728.8458,3002.2217,0.93049055
732.48584,2996.6948,0.93359303
731.05457,2995.728,0.93569106
733.8125,2990.1147,0.94037664
733.34973,2991.377,0.94136614
738.19867,2986.8613,0.9389077
721.0741,2989.2305,0.9274914
714.88275,3004.5967,0.9186544
722.55963,2993.786,0.92988294
731.89905,2989.086,0.9289349
728.93396,2994.1592,0.9254597
722.72955,2995.8977,0.92727375
720.0771,2996.6753,0.93047625
716.23004,2996.9692,0.9311956
717.4418,2998.7178,0.926855
721.2966,2999.3562,0.9270418
721.94495,3000.62,0.928964
716.85443,3008.848,0.9209817
732.9917,2995.0776,0.9369405
730.4526,3001.3252,0.9324199
734.8795,3001.896,0.9356532
738.5077,2998.73,0.93695146
739.1332,3001.913,0.9362336
742.50494,2998.05,0.93897665
740.6836,2997.103,0.9359765
719.5416,3002.9448,0.9190628
727.1714,3000.6948,0.92951584
719.5991,2998.3528,0.92761683
721.7532,2997.335,0.9243695
720.95856,2993.02,0.9244169
716.51294,2996.3477,0.9249567
711.78394,2998.4062,0.92765397
715.45074,3000.4897,0.9282255
717.90247,2998.1724,0.93135774
711.89575,2999.4543,0.929787
710.5652,3011.7778,0.91886854
714.00714,3005.6284,0.92386353
724.5481,2996.0984,0.9348401
718.2429,2997.021,0.9345819
717.04266,3007.4187,0.91889954
712.0376,3004.5554,0.9219368
712.89954,3007.0383,0.92223406
724.83215,2994.374,0.93659776
716.6334,2997.718,0.9352593
716.5124,2978.1685,0.9407149
720.0599,2993.761,0.9276343
718.8049,3003.4683,0.92675465
733.2411,2995.641,0.9324111
723.0405,2991.9736,0.929754
722.3799,2991.9268,0.93018425
718.9935,2993.5938,0.9286574
726.70667,2991.565,0.9311842
722.21796,2993.9495,0.92928046
723.82855,2996.349,0.9324367
731.9601,2996.4006,0.93220073
731.2736,2993.7258,0.93470925
739.2479,2998.2578,0.93459386
750.42456,2989.1128,0.9357258
743.8439,2992.4043,0.93587554
750.55835,2990.8267,0.9383081
742.7765,2993.934,0.937407
740.2051,2991.347,0.932842
736.42456,2989.732,0.9296945
728.5668,2989.4707,0.92609525
730.17883,2990.124,0.9297969
730.3677,2990.038,0.92657644
725.7303,2987.9883,0.9300648
720.6255,2993.0942,0.9263114
717.32245,2994.2698,0.9268341
719.3152,2994.2397,0.92705417
719.6836,2995.3398,0.92838466
720.0416,2994.8213,0.93191504
716.2546,2995.9778,0.92861354
714.8121,3000.0042,0.92787355
720.22314,3000.029,0.9304878
728.30237,2999.4731,0.93268985
736.04205,2996.5266,0.9321906
731.27576,3000.358,0.9345085
727.6919,3004.691,0.9361857
725.29785,3008.9412,0.93462133
724.05707,3002.175,0.93304384
720.4951,3001.304,0.9303515
719.5897,2999.0498,0.9294728
722.89246,2997.0034,0.9259912
722.9775,2993.2134,0.9277615
724.18994,2993.2986,0.9270732
724.8118,2994.525,0.92969745
722.5164,2995.139,0.9308409
720.778,2997.6018,0.9307585
714.72595,2998.9812,0.9303778
721.2218,2997.7322,0.9289071
711.6998,3006.834,0.9261978
698.90186,3013.765,0.9164939
715.037,3007.6355,0.92127854
716.0836,3004.8696,0.939475
723.63403,3002.3877,0.9411038
715.5862,3011.7368,0.9229408
716.0151,3012.181,0.9226231
730.15137,2994.5535,0.94510967
724.9208,2998.8618,0.94252944
722.65015,2997.7869,0.940825
716.2923,2996.8652,0.92567974
716.5666,3005.6072,0.92492384
713.015,2998.792,0.93511206
714.58606,2997.2158,0.93270534
716.259,3001.7085,0.9285971
711.2573,3000.8606,0.9294089
710.78687,3001.2183,0.92986554
716.16455,3002.6077,0.93022645
714.42175,3002.4592,0.92671865
718.03723,3004.592,0.92496955
719.1405,3006.2285,0.9286751
724.91656,3002.821,0.9336768
729.2034,3004.1536,0.9316121
746.98755,2995.366,0.93569607
727.0318,3022.225,0.9150917
723.26245,3020.2988,0.91832453
719.34283,3021.9343,0.91832614
728.8047,3001.5022,0.93785536
724.4738,3003.0857,0.939004
723.306,3006.2615,0.9356495
716.5014,3002.7988,0.92013335
717.44385,2997.632,0.9296433
726.2904,2994.833,0.92859083
727.00977,2996.9668,0.9268879
722.18384,3000.1528,0.9280484
718.9064,2997.8691,0.9301145
715.981,2999.96,0.92716175
715.0681,3002.6396,0.92754465
714.915,3001.6782,0.92925406
716.64404,3000.7856,0.92962325
718.47595,2999.861,0.92957014
717.13055,3002.579,0.9263204
715.53314,3010.5928,0.93179995
724.511,3005.7705,0.935005
730.2992,3002.834,0.9381762
729.95233,3002.199,0.936658
744.828,3000.459,0.939578
747.98676,2997.1875,0.9408528
