857.7919,1144.2283,0.89869356
875.15076,1157.4724,0.8852624
872.9101,1155.902,0.8896218
892.6163,1179.8478,0.9150889
924.271,1224.0012,0.89588106
913.81696,1264.4028,0.92255366
940.11804,1269.7217,0.9016394
936.468,1262.6072,0.9081033
930.5923,1240.9868,0.89923394
925.3944,1216.5188,0.8367051
913.0895,1180.6764,0.87224483
910.9349,1150.3496,0.85913396
909.249,1150.047,0.8755622
909.869,1133.1625,0.8824984
916.31714,1110.2683,0.85462075
933.50336,1101.6511,0.8882098
937.5487,1091.9071,0.89497834
931.0741,1091.6719,0.897814
945.2627,1101.842,0.87576026
951.9833,1132.6145,0.8825378
964.8362,1166.608,0.88113445
959.7786,1240.4336,0.92021036
956.84656,1239.5889,0.9207025
983.2478,1263.1189,0.905852
968.4005,1235.4773,0.88928974
964.7582,1237.952,0.8282638
933.45044,1149.9878,0.8878966
932.48694,1152.028,0.8978259
920.54565,1149.9734,0.8940868
906.53815,1109.2224,0.85815936
908.1858,1087.4987,0.89380676
902.5969,1071.4939,0.88970363
902.37964,1073.6826,0.8941578
903.74176,1075.5259,0.8938297
919.02185,1088.6365,0.8985873
918.1494,1099.6709,0.89609724
935.809,1119.4026,0.85437983
937.46704,1119.8049,0.8481157
952.76404,1168.7645,0.8727919
966.4603,1210.891,0.8755135
972.94824,1221.1667,0.8886297
976.9931,1221.675,0.8902645
979.57166,1221.0398,0.8863307
988.71313,1207.0778,0.86232954
983.7001,1153.7146,0.86888134
980.87476,1114.5369,0.88395953
970.9409,1091.6877,0.8913472
969.5148,1089.9833,0.8878823
961.82166,1074.269,0.90767443
966.0692,1068.9122,0.9001314
977.768,1068.1757,0.8927311
981.1787,1079.747,0.92045623
983.2737,1083.2661,0.919952
978.516,1091.7334,0.86988175
992.1714,1136.5488,0.85842675
1007.0279,1188.6067,0.9192868
1005.76227,1218.4514,0.9067595
1012.8792,1222.3914,0.9083948
1001.4557,1230.5458,0.9083101
1006.58093,1199.3385,0.8595819
988.9821,1150.1415,0.86147964
977.1185,1121.3657,0.877988
973.7373,1116.5706,0.87644833
975.9047,1098.9365,0.8643244
971.9374,1082.2145,0.896712
971.01746,1082.1423,0.8929907
979.1492,1083.9922,0.87944376
982.164,1083.3706,0.8745335
993.3854,1119.9733,0.8589016
999.93933,1143.8652,0.8540511
1007.0193,1218.6698,0.9085077
1032.3828,1264.2117,0.9244557
1023.1001,1268.8994,0.91729623
1019.2877,1268.1084,0.90842086
1030.5112,1247.6897,0.88755953
1019.081,1235.649,0.8848446
1016.29895,1182.7378,0.86548764
1017.0044,1182.9209,0.8637602
1008.9593,1158.5605,0.8665641
1000.4313,1116.7148,0.8791426
1002.0134,1113.7708,0.87925935
1003.7637,1134.5354,0.8733371
1005.72656,1134.9004,0.8728654
1011.2327,1120.8993,0.85701466
1007.9336,1153.0991,0.839335
1019.8899,1216.6697,0.87023556
1019.60864,1257.5702,0.9187212
1019.12524,1256.1604,0.9190891
1023.0116,1272.133,0.9091476
1025.6343,1262.9734,0.8951529
1010.47485,1261.0786,0.8765455
992.9392,1230.9578,0.861472
992.5673,1228.4725,0.8663582
998.757,1179.6772,0.8588298
1001.2156,1159.2382,0.8656024
998.7739,1149.3207,0.8574957
987.0199,1123.5659,0.8722487
982.52234,1117.1584,0.87545186
997.9964,1124.7148,0.88256097
1009.9726,1130.3932,0.8407875
1016.26465,1169.1494,0.87584466
1036.645,1213.8899,0.8722072
1033.8789,1204.2788,0.8809492
1011.2957,1226.9415,0.91267914
1011.4543,1220.189,0.916545
1021.8812,1234.2263,0.8636781
997.4295,1187.6731,0.9060866
999.5052,1192.1737,0.90604544
985.0609,1131.6416,0.8764703
975.5173,1105.7222,0.8783841
976.5163,1093.0946,0.8974659
973.4231,1087.6643,0.9071683
975.27075,1087.4747,0.9066468
981.53723,1094.2072,0.8984158
996.5028,1111.133,0.8837277
1010.07043,1142.2539,0.8506519
1009.89276,1178.5596,0.8812011
1011.58704,1176.2216,0.882475
1027.5381,1242.8157,0.88596207
1027.0547,1274.9773,0.9007616
1030.811,1253.3501,0.8749528
1026.549,1241.7122,0.8663884
1028.9858,1249.814,0.8643219
1017.30676,1210.3472,0.84643
1007.4871,1166.3235,0.8644619
997.8418,1117.6249,0.88898754
996.2763,1090.1533,0.89060324
995.46075,1088.4657,0.8951055
995.3445,1088.03,0.905066
1007.1555,1100.0604,0.89977413
1029.3734,1131.7809,0.88991684
1039.7861,1182.2969,0.8636521
1041.0801,1187.3772,0.8654814
1043.6353,1254.9958,0.9000075
1044.4432,1283.2617,0.8720042
1039.7373,1270.3854,0.89464724
1042.3113,1269.144,0.88503057
1042.9904,1269.4037,0.88565904
1037.6935,1238.9788,0.83838505
1022.1308,1186.8179,0.8701768
1002.6689,1135.6921,0.90691656
995.7854,1091.4763,0.8794047
995.8797,1092.4197,0.88277537
999.88525,1091.6406,0.9270646
1006.2801,1086.1613,0.9279137
1012.51886,1105.6403,0.89928126
1027.2122,1139.0028,0.91054946
1025.8533,1139.3967,0.91349757
1043.2573,1200.6632,0.90055144
1075.1565,1250.6362,0.8829872
1060.31,1260.5703,0.8732069
1075.1234,1250.4313,0.6330735
1074.217,1250.832,0.646777
1037.8013,1236.6593,0.8921617
1035.8057,1193.3337,0.9005536
1026.3182,1146.3215,0.9078182
1029.2451,1116.301,0.91935897
1027.362,1112.3948,0.9208936
1021.3176,1099.3417,0.93096167
1028.9688,1100.6726,0.9254054
1038.5757,1107.25,0.9221937
1041.7122,1120.185,0.90022266
1042.0089,1122.1979,0.90109867
1054.5155,1145.6831,0.89490855
1059.2289,1184.8055,0.90570325
1065.2802,1209.0349,0.881801
1082.1183,1225.4641,0.8838746
1079.9058,1226.2008,0.88714755
1075.8206,1226.2489,0.8781418
1070.7346,1203.7758,0.87785184
1042.2428,1189.9148,0.89500517
1043.7087,1190.966,0.8958711
1034.1194,1134.4111,0.89731514
1048.024,1127.1538,0.9004317
1063.2786,1112.0378,0.8727893
1036.25,1082.756,0.92512083
1037.1117,1086.4259,0.926747
1041.3999,1091.1794,0.9311805
1093.241,1125.3885,0.85836977
1065.3569,1152.8333,0.89516413
1092.5828,1234.6007,0.8397005
1090.5697,1232.3015,0.8321519
1104.0365,1290.1431,0.79468113
1102.7561,1280.5682,0.87986904
1081.1074,1288.5793,0.83162385
1068.2162,1209.8749,0.8870395
1065.4574,1210.1963,0.89281017
1040.269,1153.7458,0.91559505
1040.6333,1125.2936,0.89310735
1092.8522,1146.9088,0.82855916
1025.5391,1085.2871,0.9240914
1023.35266,1082.9834,0.92273575
1023.94574,1076.1609,0.9230269
1040.4202,1090.5583,0.9218914
1052.8931,1128.727,0.9012266
1046.9235,1179.8997,0.9008845
1045.277,1177.5995,0.9034987
1087.5106,1254.1562,0.76730275
1071.7402,1278.3087,0.72502154
1048.9338,1257.957,0.8223639
1054.1995,1246.6196,0.82366055
1057.1252,1254.8646,0.8184401
1052.9894,1223.5815,0.86398053
1034.6123,1192.1516,0.897544
1011.70264,1131.4235,0.8911461
1004.83093,1115.8848,0.8997237
1008.1908,1118.6536,0.9006296
1011.2503,1119.5293,0.8981529
1010.8046,1110.7231,0.8815556
1035.1653,1142.8877,0.88374907
1023.9007,1150.3079,0.832468
1021.26196,1147.0676,0.8375164
1040.3699,1223.5603,0.8928509
1052.652,1261.1018,0.849888
1053.522,1255.0776,0.8421588
1060.1062,1257.7273,0.87236005
1053.1724,1260.1387,0.8516994
1061.5115,1240.6196,0.8533488
1046.6062,1190.5293,0.9120326
1042.5391,1164.8458,0.9133021
1051.4302,1150.5405,0.8943173
1055.5825,1147.1714,0.8621142
1048.293,1122.9055,0.9132357
1045.7896,1115.0739,0.9185412
1079.0161,1152.0204,0.9084548
1073.0684,1152.2235,0.88996047
1072.4963,1144.2622,0.8857902
1083.5085,1192.5569,0.77572566
1110.0149,1304.5449,0.85704803
1104.9796,1324.696,0.7320336
1090.6652,1324.714,0.7539762
1099.6381,1293.3522,0.81252825
1071.4749,1295.7988,0.77172077
1070.618,1229.7983,0.85494053
1065.9026,1195.536,0.87744915
1038.5352,1130.6838,0.90807825
1035.6941,1127.9116,0.91478723
1046.7937,1126.3093,0.9093814
1038.7723,1117.255,0.92661864
1047.9614,1124.7288,0.9020643
1064.8019,1147.8995,0.90213025
1062.6324,1147.0126,0.8999587
1084.1938,1194.0947,0.8343397
1094.5447,1224.6147,0.7542698
1109.4764,1280.5769,0.7990997
1106.5979,1311.1144,0.77495456
1106.5691,1320.1038,0.7766041
1078.1589,1281.7936,0.80670667
1061.2385,1266.1442,0.85685116
1051.3942,1180.8777,0.9078151
1044.9634,1171.5919,0.91551226
1044.9674,1172.0774,0.91720736
1016.2161,1102.3348,0.92293906
1025.4359,1098.0825,0.92890257
1024.0095,1089.75,0.9307218
1041.3096,1112.0979,0.93016833
1046.9132,1120.3584,0.92879605
1035.479,1140.4897,0.92254263
1050.1399,1193.2732,0.8627229
1055.5208,1274.5719,0.75470054
1066.9331,1324.4443,0.7303858
1066.0359,1321.106,0.7331169
1087.698,1332.1857,0.7436629
1060.5988,1292.7673,0.76643294
1029.7211,1263.8676,0.87012434
1045.199,1245.2644,0.83408725
1042.6465,1252.0151,0.82798964
1035.7529,1233.8156,0.8196048
1047.1857,1190.9218,0.81078374
1045.407,1172.3928,0.80766255
1036.1309,1181.9148,0.87685895
1037.3116,1179.5844,0.875659
1064.1047,1211.052,0.82958686
1065.6425,1201.7313,0.67508286
1082.8938,1271.1775,0.74712884
1095.6927,1303.8215,0.6600451
1070.1156,1278.3586,0.668813
1069.0692,1271.579,0.7180568
1067.8611,1262.6621,0.8184476
1068.1443,1259.5293,0.8402544
1074.4863,1242.9187,0.83553535
1071.4062,1247.6362,0.83273876
1061.684,1207.4368,0.83066934
1050.376,1170.3856,0.84951717
1051.1099,1166.3506,0.8632543
1051.2456,1184.5762,0.88958424
1049.385,1176.0038,0.886643
1062.7301,1169.8342,0.8386911
1059.2029,1213.6201,0.89102364
1075.5138,1261.4946,0.8759571
1060.8169,1296.511,0.7796163
1072.522,1289.017,0.8119259
1079.2859,1283.1199,0.78783554
1066.0833,1297.1643,0.8608842
1067.3265,1272.6528,0.8663288
1055.2502,1218.4543,0.84848064
1048.8923,1219.5452,0.84748906
1023.99664,1182.396,0.90772784
1029.5795,1170.8059,0.88652956
1030.5343,1162.3826,0.8698884
1045.5339,1179.7002,0.8614777
1044.3284,1177.0222,0.856926
1038.8529,1170.2238,0.8442315
1030.0182,1209.6765,0.8276579
1045.0518,1247.9916,0.774561
1060.9613,1297.6271,0.7541854
1059.3557,1298.2208,0.7493583
1064.271,1294.9584,0.76173484
1050.3763,1308.1892,0.80683464
1046.9807,1285.929,0.80953884
1045.7686,1243.7346,0.8221286
1038.0421,1241.2386,0.86499697
1020.14465,1187.8468,0.8874505
1024.5444,1179.7573,0.8932461
1017.4701,1153.794,0.9037778
1026.2646,1171.881,0.8938698
1025.4304,1171.2433,0.8945432
1042.972,1183.5565,0.8704871
1044.8435,1212.61,0.8540028
1043.513,1247.31,0.8561007
1064.7101,1278.6062,0.8780343
1078.1165,1275.4801,0.9174905
1075.1951,1300.2936,0.8694683
1060.9341,1284.0215,0.81265086
1047.7616,1235.1215,0.87952685
1040.2365,1196.1698,0.91227424
1043.715,1205.0144,0.9077513
1038.3345,1170.7694,0.9125805
1039.729,1152.8113,0.882731
1041.0813,1150.0712,0.8890282
1038.4279,1162.4526,0.92264885
1037.9932,1162.7266,0.9231665
1042.7699,1167.1222,0.8729194
1025.9282,1194.1719,0.88560945
1067.9163,1250.9685,0.9054873
1071.7612,1294.6023,0.8297304
1064.3127,1294.7534,0.8137651
1061.7639,1276.041,0.87295973
1081.5527,1295.0367,0.8695217
1048.3828,1214.9755,0.9028559
1044.1877,1181.6439,0.9215326
1037.3608,1170.1884,0.9251547
1034.2249,1150.2296,0.9181693
1029.416,1151.3392,0.9253291
1022.80865,1126.579,0.92855763
1020.54474,1120.0259,0.92548174
1022.66125,1121.0869,0.92608017
1033.6476,1137.0748,0.92657626
1040.7712,1170.2927,0.9205656
1074.2932,1226.4464,0.9048343
1078.8549,1282.2352,0.888003
1078.5697,1283.1632,0.88855594
1074.9937,1288.9187,0.88161343
1068.4967,1282.2437,0.85392857
1064.1257,1238.2344,0.8672994
1067.3069,1201.2449,0.91215074
1065.1769,1198.5774,0.91409236
1037.4995,1143.9075,0.9124363
1036.1643,1122.6594,0.9171293
1029.1428,1097.8168,0.92723745
1039.8035,1094.5133,0.92995864
1039.5327,1094.3435,0.9330769
1052.7058,1113.7173,0.9300043
1063.383,1161.0598,0.91285014
1077.2378,1204.8079,0.90395653
1081.4082,1216.1086,0.88479763
1078.11,1222.4543,0.8872754
1070.1743,1233.937,0.89688057
1080.9011,1222.618,0.82252437
1063.8892,1166.9353,0.8927584
1040.7549,1119.2709,0.897393
1041.9246,1119.4014,0.8958642
1033.5906,1098.0605,0.915401
1028.7834,1074.1162,0.913836
1014.19324,1054.7518,0.9292557
1010.4318,1054.2395,0.9286898
1010.81195,1054.4922,0.92875975
1025.3208,1074.76,0.9202216
1030.7993,1112.1106,0.9216483
1057.6666,1191.9065,0.9052251
1068.3132,1252.9917,0.8875046
1068.9285,1253.4677,0.88597715
1082.1595,1260.8412,0.8808
1064.4532,1241.8398,0.84485674
1054.4607,1237.5415,0.8714001
1057.9175,1180.9363,0.8763443
1034.6167,1155.2246,0.91227263
1036.2118,1149.5417,0.91403365
1035.0493,1118.4233,0.9186936
1014.1887,1075.8733,0.9270012
1012.8609,1064.8597,0.9048331
1006.39136,1066.2762,0.9318666
1007.0279,1069.7662,0.93132806
1038.2698,1108.1721,0.90831804
1027.3895,1135.7439,0.9257674
1036.1884,1172.5024,0.9167596
1037.3098,1172.4313,0.92023903
1061.0061,1214.6414,0.90795237
1062.926,1214.7253,0.9233131
1052.6042,1216.9808,0.9000916
1032.1267,1162.4192,0.9206172
1034.5792,1168.2266,0.91123885
1037.654,1145.1368,0.9231465
1038.1006,1109.4629,0.9180238
1031.812,1069.8441,0.91806394
1038.1025,1062.4015,0.91891843
1039.6987,1065.8083,0.9175937
1041.2157,1072.5698,0.92218554
1060.3508,1110.9827,0.92037493
1069.0746,1169.2227,0.92192405
1093.5112,1220.4567,0.89491564
1081.1478,1222.4197,0.91116494
1107.7117,1251.3931,0.88653636
1097.8811,1264.3574,0.8915604
1099.9003,1251.7893,0.85529417
1082.4033,1233.299,0.89598364
1081.8356,1231.1451,0.9001208
1039.1497,1152.8539,0.9127088
1035.801,1140.3743,0.92593133
1024.4253,1106.3982,0.9241419
1023.911,1105.3143,0.92735803
1024.5461,1100.5402,0.92610866
1024.7642,1107.995,0.92746097
1032.7146,1144.4575,0.9178794
1041.9053,1198.63,0.8999728
1045.2964,1197.3495,0.8957074
1087.5585,1263.5085,0.8531823
1089.686,1316.4269,0.79960173
1071.9121,1290.1547,0.8440072
1068.6459,1310.2635,0.82073253
1066.6145,1303.9479,0.8305222
1058.2903,1274.7638,0.8785058
1052.1685,1241.3933,0.8814304
1027.4592,1182.799,0.90519553
1029.7988,1158.7842,0.91101134
1033.9468,1150.7128,0.8891007
1025.7515,1142.5126,0.90695065
1035.4347,1157.1495,0.918541
1038.0469,1141.3494,0.9134027
1055.6726,1189.0771,0.897687
1054.41,1188.0251,0.90047556
1085.114,1249.1356,0.8584041
1079.6006,1309.1648,0.8083988
1080.6116,1296.1249,0.84842217
1087.4392,1280.1326,0.8712381
1083.1356,1276.0967,0.8642362
1093.9922,1239.5498,0.8555749
1063.7369,1194.6304,0.87680984
1037.3208,1147.4563,0.90170515
1043.2157,1137.3601,0.8949923
1039.7908,1132.2712,0.90220237
1041.2083,1116.9341,0.91264236
1041.9847,1120.1364,0.91436315
1078.7544,1155.7592,0.8553792
1057.4518,1176.6913,0.83173424
1061.8513,1186.4341,0.83286995
1054.1718,1249.0492,0.741504
1057.6659,1309.676,0.7369711
1061.383,1345.2666,0.7216912
1062.5936,1327.9515,0.6306088
1059.2219,1327.477,0.62125593
1065.7844,1318.8057,0.71797514
1053.0586,1247.7849,0.7137561
1061.7178,1225.1431,0.7856627
1100.5072,1203.5227,0.79399157
1094.3955,1201.3955,0.8035531
1095.3567,1168.1956,0.7897395
1053.1912,1180.646,0.7772959
1058.2174,1181.678,0.796251
1062.0723,1228.575,0.7754948
1058.846,1226.2775,0.78186345
1060.644,1275.1542,0.79387265
1079.0217,1304.2367,0.666681
1055.3894,1288.9734,0.8277651
1070.3486,1300.6277,0.8239047
1070.7397,1300.866,0.7511488
1066.7932,1242.0739,0.8547792
1075.7485,1223.6782,0.825075
1062.3893,1194.5311,0.8344018
1059.6436,1146.4735,0.83110684
1043.1616,1153.0652,0.8596965
1045.3193,1146.4814,0.85632366
1074.596,1163.8544,0.8301716
1099.627,1193.2372,0.8280022
1102.2922,1225.1616,0.7178381
1100.1172,1230.3649,0.72138953
1113.7307,1278.3558,0.8248049
1116.2637,1296.9583,0.83957446
1134.4702,1294.8456,0.86194074
1126.712,1291.1292,0.66121966
1120.5713,1288.5239,0.60108536
1155.1216,1222.4309,0.7575338
1119.5968,1192.1489,0.73898715
1098.9143,1139.0049,0.79487306
1106.9998,1104.5781,0.84139204
1119.283,1115.0374,0.8144031
1183.2988,1149.3938,0.67957586
1136.8552,1144.4093,0.8046814
1155.8256,1175.781,0.84336287
1125.0485,1192.5173,0.7362326
1123.725,1184.9187,0.70491403
1112.539,1237.8569,0.82645303
1127.469,1286.567,0.8332346
1129.3413,1288.6052,0.9214809
1114.5857,1276.2197,0.6521713
1113.4983,1276.7288,0.65516794
1107.6892,1278.0862,0.7266293
1110.7944,1196.0564,0.7895927
1092.9204,1157.241,0.79355097
1085.3728,1154.8862,0.8341477
1083.1345,1157.6387,0.8443417
1079.4033,1126.5201,0.8353494
1090.1733,1167.0812,0.8389012
1114.0706,1200.6082,0.8370651
1105.2185,1234.6658,0.8153972
1103.3185,1232.5756,0.8076627
1096.7384,1283.3926,0.7214644
1105.2056,1302.2418,0.8310616
1099.5916,1288.9888,0.82791656
1083.6418,1264.718,0.5563873
1076.3455,1267.5017,0.59799373
1086.1184,1255.1699,0.7679083
1068.4277,1210.0559,0.8549538
1070.9038,1172.9564,0.87338895
1063.0698,1139.2424,0.8822206
1060.6401,1130.3113,0.88584214
1062.4976,1144.3118,0.90271175
1078.4136,1171.5782,0.88601243
1070.6736,1161.6935,0.8621403
1106.18,1219.8723,0.88147104
1103.9805,1216.4587,0.88239145
1101.7368,1279.2266,0.7413676
1109.4805,1301.2402,0.8574691
1086.2374,1298.5034,0.71735644
1100.0817,1302.3767,0.7179575
1102.8411,1303.4557,0.7010552
1107.1653,1243.1848,0.8515791
1099.012,1201.0192,0.8386583
1068.656,1155.2166,0.8749021
1064.5663,1129.1885,0.88014376
1061.005,1119.0323,0.88835216
1054.7844,1109.5002,0.90691
1144.2142,1176.294,0.79099584
1082.7614,1174.9841,0.87888783
1085.3807,1219.0989,0.80663556
1086.866,1221.2675,0.79738635
1095.2677,1281.2092,0.8486332
1095.1372,1288.1438,0.87961125
1092.0325,1276.1692,0.87064683
1095.5276,1289.478,0.74187785
1101.4766,1290.7919,0.7230252
1098.2388,1247.7249,0.7673658
1083.1882,1182.4336,0.8596162
1038.3851,1137.9257,0.90615356
1045.8782,1135.8043,0.8916408
1041.597,1131.575,0.89951855
1041.0182,1123.091,0.91644645
1047.6409,1131.3837,0.91238767
1067.1628,1155.8429,0.8866123
1065.4988,1190.783,0.8509976
1066.7185,1195.2607,0.8577657
1068.2457,1260.165,0.8450364
1076.7528,1296.5137,0.82026047
1070.9429,1280.805,0.88169163
1083.0104,1299.975,0.7939317
1082.9165,1299.9529,0.7815847
1090.5588,1247.8511,0.84763724
1066.5817,1201.366,0.87268585
1031.94,1153.1785,0.9033873
1032.8838,1122.898,0.9090236
1031.2307,1121.0208,0.9104059
1043.5273,1127.311,0.8784164
1039.6205,1126.4016,0.9158926
1042.5624,1142.9517,0.9084494
1055.173,1189.2776,0.9008129
1055.1337,1190.508,0.9041695
1073.0247,1244.8577,0.83137006
1090.4012,1301.5331,0.77851427
1089.8735,1283.5559,0.7291354
1090.7954,1251.0197,0.8790085
1091.426,1251.7788,0.87870276
1053.4698,1165.8237,0.9155928
1054.3069,1139.9009,0.9068755
1130.4697,1162.1594,0.7942955
1055.9357,1107.0787,0.9052468
1054.909,1102.3726,0.905111
1041.9534,1091.7056,0.9104595
1046.9497,1104.125,0.919401
1032.083,1142.702,0.9242603
1043.5732,1215.8977,0.91926897
1041.3674,1206.2576,0.917682
1047.4553,1272.7815,0.8790291
1076.2867,1330.11,0.87532663
1106.4255,1355.0565,0.6929402
1062.2855,1305.3429,0.8834527
1061.5923,1305.4292,0.88741004
1043.5316,1260.6493,0.8677006
1039.6807,1213.6028,0.8947694
1023.21295,1176.4136,0.8911249
1022.7072,1148.7474,0.87554836
1020.79944,1125.3965,0.86790586
1014.33435,1130.9363,0.8637738
1011.3816,1113.6487,0.89675736
1040.2928,1141.066,0.8865508
1038.718,1178.8224,0.88822603
1037.3165,1180.5819,0.8945567
1050.4286,1238.2689,0.8483251
1069.0248,1263.5754,0.77884555
1067.6837,1285.2878,0.82739335
1074.5715,1275.9961,0.82208455
1073.5753,1284.6583,0.82308084
1115.0768,1248.781,0.8624422
1111.4067,1193.3695,0.81678873
1212.6565,1216.8082,0.7733178
1068.2064,1126.6349,0.8951665
1071.5156,1127.6333,0.89110994
1039.931,1090.3195,0.9306063
1040.5187,1089.5673,0.9319027
1056.052,1111.3401,0.92631996
1043.0767,1164.4641,0.90883833
1047.9834,1163.0175,0.9194048
1085.3503,1220.9634,0.7665916
1074.9491,1306.9558,0.7953347
1077.2904,1331.0804,0.7988996
1072.7063,1300.8832,0.7433461
1073.1194,1302.7539,0.7458052
1073.5652,1267.5817,0.79332346
1077.5372,1240.2207,0.82511455
1058.8678,1184.7216,0.8796461
1040.5911,1155.2156,0.90192735
1039.5239,1160.5201,0.9044963
1051.2345,1156.0983,0.890745
1038.2963,1128.9506,0.91566414
1050.1927,1147.8625,0.90896696
1060.233,1134.4336,0.8895434
1059.48,1140.1346,0.89287263
1060.0541,1175.8918,0.85472405
1080.4563,1243.8525,0.7784626
1077.9196,1280.5974,0.88377917
1083.321,1293.7952,0.87578285
1082.4211,1295.4348,0.87737596
1081.8031,1270.554,0.8766663
1070.8038,1227.3177,0.78931785
1092.7979,1219.6364,0.71911824
1074.5201,1146.3251,0.7335311
1083.853,1161.6862,0.7297318
1089.052,1177.3937,0.85039127
1099.953,1146.8771,0.8567293
1089.2106,1141.468,0.90178436
1090.0354,1137.9305,0.89175755
1092.7849,1140.6072,0.88574713
1089.497,1149.2708,0.78293955
1097.0713,1229.7499,0.7429917
1097.4412,1292.9745,0.848983
1119.0576,1300.661,0.8362747
1118.2478,1302.6332,0.82990843
1108.1277,1305.1139,0.81480855
1116.5778,1327.9424,0.7081541
1093.4233,1248.0713,0.8138909
1067.3467,1175.5315,0.8580188
1060.3196,1167.439,0.8805634
1056.0187,1161.3746,0.8988772
1047.2661,1129.7756,0.8942579
1069.3108,1163.8687,0.89101815
1112.9786,1163.9885,0.8533163
1097.072,1154.6299,0.8694368
1069.0629,1199.1345,0.88383037
1060.6953,1234.1012,0.8195086
1087.572,1315.4424,0.734756
1100.3225,1326.5543,0.8271501
1076.0693,1289.4849,0.8152999
1067.7844,1236.3785,0.68743265
1070.5737,1223.1582,0.8513489
1082.6804,1207.1349,0.853863
1080.3671,1206.9187,0.87295675
1056.1975,1173.7461,0.89333487
1067.5712,1152.68,0.8411446
1089.5292,1158.3575,0.7872623
1076.3921,1150.067,0.731875
1083.604,1152.3313,0.7121085
1067.3369,1150.5394,0.8212895
1058.8005,1159.0774,0.8361068
1091.0271,1193.551,0.82183766
1114.5879,1293.6514,0.72542655
1123.4568,1284.6703,0.83011955
1119.2546,1324.2073,0.86916995
1130.6171,1335.4211,0.83176607
1091.1149,1304.0913,0.6925436
1090.3394,1244.7666,0.7938917
1090.2737,1243.2594,0.795071
1106.473,1235.7017,0.84482604
1072.6506,1177.9182,0.88805544
1050.6016,1128.1987,0.8718611
1033.1174,1095.3077,0.9214273
1032.0073,1094.6107,0.9265093
1034.3655,1082.0251,0.91090244
1046.0913,1099.4093,0.914401
1067.8319,1139.64,0.8903596
1065.5078,1157.1246,0.88287896
1065.1482,1156.5973,0.8774838
1081.9614,1236.7551,0.7558807
1093.8705,1290.6749,0.6956248
1097.6865,1265.9492,0.75964296
1080.2583,1208.3169,0.70576304
1083.0596,1203.4393,0.7061419
1094.829,1200.1505,0.7002086
1070.3396,1146.4192,0.8159784
1059.9419,1146.1897,0.85711765
1042.7115,1090.7776,0.883455
1043.0391,1093.249,0.8822942
1043.6437,1086.384,0.8780034
1062.0209,1113.7324,0.84991956
1076.6862,1121.9963,0.7934272
1132.9653,1212.4502,0.6728985
1123.8115,1212.3263,0.67007136
1109.473,1259.2393,0.8329589
1128.7095,1281.7543,0.7868545
1137.5732,1280.8186,0.7790864
1140.6692,1272.0978,0.67221624
1153.8398,1282.0548,0.66208065
1121.795,1150.6455,0.70123345
1125.1433,1090.0829,0.86744976
1091.6909,1080.8602,0.9052443
1105.9878,1083.3223,0.88038135
1107.3975,1085.3394,0.8776836
1103.6104,1076.3594,0.8855167
1129.0403,1075.7988,0.90296614
1120.5026,1101.7087,0.91580987
1145.8376,1173.7047,0.84985125
1146.7361,1171.3364,0.84242374
1296.372,1266.8176,0.6043136
1172.3965,1236.5118,0.93804634
1173.9641,1251.7092,0.9429511
1176.7461,1217.3267,0.88534176
1182.7649,1224.9927,0.87331337
1161.6094,1178.5337,0.8868396
1166.9976,1140.1544,0.73620194
1115.5822,1075.0161,0.904875
1095.4238,1071.425,0.91868585
1090.534,1066.7369,0.91934586
1079.575,1064.801,0.9163309
1095.0891,1058.7594,0.92515886
1105.4875,1079.695,0.9014684
1110.5239,1115.9421,0.91934764
1106.8762,1113.6464,0.889905
1120.8094,1160.7794,0.8990113
1133.4495,1209.0122,0.9357518
1123.4539,1200.6841,0.94141984
1120.517,1182.8484,0.8266345
1119.0758,1179.7246,0.831939
1110.9872,1140.8171,0.87546927
1103.9777,1096.085,0.88979316
1102.8254,1090.2352,0.8910597
1072.5935,1064.8086,0.9074356
1075.7244,1066.2352,0.90578
1066.6499,1059.9751,0.9095019
1081.2316,1062.1096,0.91001576
1104.2815,1101.6816,0.87527037
1083.9275,1119.7107,0.8848433
1084.5969,1119.2291,0.888843
1112.1515,1168.8235,0.9008209
1135.9463,1227.8923,0.9336815
1159.7112,1209.6506,0.92297566
1142.8257,1212.207,0.7913906
1148.2107,1202.3705,0.8172778
1135.0422,1180.748,0.77552253
1134.9822,1113.1003,0.904696
1134.4653,1087.9507,0.88948846
1100.8138,1081.5054,0.9088536
1100.9996,1080.8354,0.9107547
1109.9792,1058.0393,0.9098286
1122.1577,1108.3022,0.8958881
1089.7161,1125.88,0.83751565
1123.519,1193.6179,0.8909327
1120.6309,1195.8403,0.89373475
1134.0525,1233.5269,0.9026188
1133.6323,1234.3503,0.9074811
1149.4414,1229.875,0.8838203
1151.7009,1217.2546,0.79317605
1155.4612,1225.3081,0.7966545
1097.7699,1134.496,0.9284825
1068.6189,1117.1147,0.9255661
1072.942,1104.3418,0.92527777
1074.4729,1094.449,0.9229533
1073.0046,1090.7202,0.92401713
1060.3379,1084.2341,0.9303037
1061.5728,1119.5511,0.93175447
1041.5151,1171.6531,0.90422845
1071.9927,1220.1023,0.9386274
1072.0,1221.9818,0.9361911
1076.7087,1260.9767,0.82617795
1073.9022,1276.9941,0.8904101
1112.6055,1271.8488,0.82491606
1086.5256,1237.9946,0.8680001
1084.0732,1238.6006,0.8652195
1056.8123,1161.9451,0.9045793
1041.9741,1121.4927,0.9019867
1058.8582,1120.973,0.8935428
1048.7281,1093.6744,0.92956746
1048.8112,1092.9556,0.92921084
1058.6453,1104.752,0.9316101
1063.7683,1133.5164,0.92090464
1079.125,1170.1746,0.9291664
1099.0542,1231.6283,0.87455696
1114.5347,1225.4819,0.8562201
1122.0719,1270.5718,0.88066036
1112.9731,1279.8063,0.8690458
1141.5249,1324.4441,0.8716782
1124.856,1242.7771,0.8184582
1123.4917,1244.0559,0.81484467
1133.9312,1196.4681,0.8720756
1098.2764,1147.5759,0.9105552
1102.9761,1138.7612,0.90388113
1088.7477,1103.3912,0.9144051
1083.6494,1097.4875,0.91691923
1082.2932,1091.6792,0.9183471
1117.2057,1106.0391,0.91380703
1114.5327,1152.7751,0.906794
1124.3403,1201.0156,0.91902155
1125.926,1200.1769,0.91697586
1106.6693,1251.8955,0.91780436
1108.8511,1267.0693,0.916004
1152.6007,1245.3363,0.8771118
1089.7896,1154.706,0.9136708
1092.1731,1155.9906,0.9139392
1063.8413,1104.8057,0.9300648
1052.6511,1069.4951,0.93055767
1041.9209,1058.7942,0.9213268
1044.8212,1041.3203,0.9384536
1044.5116,1041.6196,0.936147
1055.2981,1054.7537,0.93481636
1060.7661,1084.0309,0.9335849
1074.8071,1124.4302,0.93712175
1095.5625,1169.5847,0.958704
1097.2517,1167.551,0.95847666
1089.0859,1189.348,0.9239533
1072.3573,1188.2766,0.9320652
1071.8071,1155.9166,0.9177886
1047.108,1100.7798,0.9423762
1045.6532,1099.3354,0.9348774
1032.1077,1065.8002,0.9339634
1024.187,1035.531,0.94278026
1022.82837,1024.0974,0.9425091
1026.036,1028.231,0.9432674
1024.9443,1025.8854,0.9432342
1027.3123,1043.8167,0.9445829
1029.2236,1087.209,0.93385893
1054.5708,1180.3787,0.9338877
1098.5898,1264.1488,0.8738506
1096.332,1265.2046,0.8609474
1072.157,1325.1685,0.80701935
1079.5195,1326.8313,0.8334765
1067.3069,1331.4685,0.7591967
1066.8079,1290.2616,0.791194
1062.6261,1282.353,0.793359
1071.0311,1246.0117,0.8004178
1072.4321,1221.1323,0.8176955
1063.2507,1201.0988,0.7997233
1056.1116,1184.9178,0.81845826
1057.55,1184.0873,0.8161901
1077.5208,1226.7007,0.79551816
1113.4229,1257.5479,0.7303534
1123.6359,1304.2435,0.7376162
1128.5525,1336.2773,0.82519823
1111.082,1330.46,0.7952199
1134.9149,1366.3917,0.67994285
1107.7488,1364.043,0.6543141
1081.3694,1330.7319,0.6409714
1102.7838,1282.4841,0.7579498
1103.2935,1278.1423,0.7691323
1063.2522,1244.8044,0.81345695
1047.8403,1220.5422,0.8224295
1038.2684,1176.3721,0.7921572
1041.8704,1168.6825,0.7673992
1042.4452,1167.5585,0.7433366
1031.3741,1174.4,0.67293304
1062.8833,1233.5884,0.82935697
1054.9688,1253.5103,0.8563502
1085.2408,1321.055,0.7009899
1088.1781,1326.4071,0.7198402
1091.7595,1337.0172,0.7755197
1101.1516,1342.3772,0.7593778
1110.2451,1314.5354,0.59228015
1086.6912,1259.7965,0.6640859
1074.9644,1244.4034,0.69265527
1070.3125,1219.98,0.82355493
1092.4363,1205.5225,0.86478925
1080.3944,1172.2954,0.8738496
1082.3785,1174.6863,0.8641217
1084.1254,1180.4718,0.8656377
1093.9202,1188.1927,0.8587741
1095.0376,1194.4543,0.8247867
1098.1584,1188.1832,0.7713959
1086.0425,1202.1573,0.8537992
1090.9867,1213.9312,0.826466
1095.4819,1289.2223,0.729607
1090.1135,1290.9078,0.66702485
1085.0673,1290.5165,0.606912
1086.8256,1279.0066,0.55776477
1083.5394,1266.7878,0.5520591
1076.74,1204.7405,0.79042035
1075.7292,1179.4221,0.76872927
1092.9108,1158.8896,0.7719874
1087.6527,1137.119,0.7562673
1086.0046,1137.5541,0.7674807
1079.7711,1162.7908,0.8121982
1083.44,1188.5625,0.78653216
1063.9651,1184.968,0.722473
1096.0978,1254.9901,0.6989327
1088.0685,1252.1323,0.69992715
1102.6235,1283.9128,0.7172253
1089.1442,1295.7546,0.69590634
1114.4889,1294.2222,0.66326195
1100.6055,1228.6333,0.85244095
1098.1536,1232.4535,0.8593077
1084.4265,1164.5889,0.88885593
1064.4067,1121.3396,0.9072467
1050.0857,1079.1833,0.9117705
1049.0563,1074.7283,0.9102905
1057.2319,1089.9949,0.9066188
1054.8452,1081.7552,0.9174319
1087.3633,1126.8013,0.90560895
1073.4082,1155.0852,0.8932029
1067.0005,1154.1106,0.9011655
1073.7424,1191.7957,0.8561499
1086.1779,1246.98,0.79871196
1101.8462,1282.8425,0.87977415
1110.335,1289.3501,0.8587562
1109.6321,1293.7407,0.7635316
1101.916,1274.0161,0.7302102
1104.0295,1268.6343,0.7659936
1084.1284,1228.2212,0.81142694
1083.1694,1210.3259,0.8641042
1080.625,1213.5509,0.8611083
1055.1077,1176.9897,0.86431205
1041.6829,1160.5872,0.8876895
1051.4735,1167.9753,0.8490867
1062.9893,1195.1438,0.8567858
1058.2068,1188.2408,0.8621541
1022.81305,1193.8727,0.8415551
1051.1384,1269.7588,0.8732049
1047.8857,1268.6584,0.864154
1045.8647,1271.033,0.8411705
1042.5986,1265.5988,0.8431427
1047.5455,1272.346,0.8432255
1028.7948,1231.6862,0.86378515
1059.3335,1227.4531,0.83081824
1038.598,1204.4681,0.85304064
1042.756,1199.9943,0.8533231
1111.9216,1187.2786,0.71811163
1028.4285,1151.0256,0.8730429
1021.1325,1139.6858,0.8856967
1013.19305,1152.6093,0.9078084
1016.7482,1147.1523,0.8779481
1014.6099,1222.8345,0.9143053
1024.5718,1293.8032,0.8922641
1025.6742,1319.999,0.8571727
1024.4287,1301.0264,0.88805157
1023.1862,1297.455,0.891785
1044.051,1295.6348,0.880886
1034.9213,1240.8096,0.8806987
1017.73645,1173.6187,0.9160001
1031.7784,1163.3035,0.91139114
1033.7958,1166.2664,0.9088955
1014.6841,1113.638,0.9038369
1010.1209,1097.6611,0.9077794
1009.2291,1100.7872,0.91363287
1022.5492,1135.1388,0.9287189
1019.5146,1134.9695,0.93156815
1032.1013,1203.401,0.9263844
1074.4323,1279.967,0.9386695
1072.677,1316.6628,0.83011174
1068.0781,1323.0544,0.93104184
1070.4802,1322.7158,0.927894
1087.0609,1307.8379,0.8266119
1050.6298,1236.8931,0.74583
1064.7422,1191.159,0.8964211
1038.6903,1153.4832,0.91840243
1038.816,1157.519,0.9159949
1040.81,1131.7634,0.91616976
1050.2031,1128.0364,0.93367827
1105.2041,1161.1362,0.9237628
1080.9285,1173.4678,0.9193027
1077.9048,1169.7903,0.9147609
1049.23,1186.0857,0.9106839
1062.4254,1218.9991,0.9099762
1057.5973,1229.156,0.88149744
1082.8193,1234.885,0.90259385
1083.6882,1239.3628,0.905087
1241.0205,1289.2703,0.69372344
1031.1492,1173.2369,0.89762527
1030.5098,1142.9827,0.88462156
1019.6084,1116.5574,0.89154816
1019.614,1117.2211,0.8933012
1016.5946,1099.4642,0.92290884
1024.3215,1104.3081,0.896928
1035.1799,1120.168,0.91562414
1035.7205,1150.0552,0.9139044
1036.4587,1149.8701,0.9154789
1047.576,1212.9209,0.88804215
1071.0005,1274.1924,0.90614504
1083.5106,1297.2212,0.7505599
1072.6438,1292.506,0.7789192
1076.6326,1288.5541,0.776412
1078.6202,1264.0266,0.8247519
1090.6362,1198.8925,0.8090037
1133.3374,1216.5881,0.8434595
1072.6007,1163.3911,0.891021
1061.5791,1152.1263,0.8991346
1085.3289,1152.2246,0.8777315
1054.2316,1123.8676,0.91615087
1045.9968,1113.8231,0.92191845
1044.2762,1133.8318,0.88347375
1044.7526,1130.9578,0.89464545
1049.5331,1173.9087,0.90875626
1060.0764,1219.3307,0.915133
1079.8794,1242.6771,0.88683015
1067.648,1241.9988,0.8711952
1059.7578,1245.7539,0.87650734
1077.2882,1252.7765,0.87017906
1054.0405,1187.4722,0.89403063
1029.1833,1143.1241,0.87594295
1017.96643,1118.9542,0.88959587
1021.1372,1122.1558,0.88645345
1015.44336,1098.6763,0.89416397
1010.7252,1082.508,0.8988325
1015.30396,1087.4479,0.9029877
1034.2709,1119.956,0.9090575
1031.499,1115.9816,0.9088474
1027.9315,1141.0244,0.91868496
1059.289,1192.6987,0.8922329
1044.7562,1225.477,0.89775497
1042.1102,1258.4834,0.91170335
1043.3163,1256.6853,0.9149341
1055.2172,1245.5991,0.9029373
1068.3367,1263.2404,0.8551173
1075.9697,1210.6923,0.80305314
1048.0796,1164.7615,0.8965536
1048.093,1163.4012,0.8976821
1044.9463,1151.969,0.8874992
1068.3124,1170.4948,0.8635327
1057.4141,1155.7312,0.878307
1060.8959,1152.147,0.87089956
1057.3176,1147.1702,0.88449866
1062.3636,1136.2678,0.7887688
1045.622,1170.5452,0.8839274
1053.0552,1221.9564,0.8667859
1095.8262,1286.2765,0.87505966
1094.5063,1283.841,0.8761664
1069.6298,1288.2206,0.7662644
1069.7172,1271.526,0.87117964
1080.5128,1265.8473,0.8239364
1069.6594,1250.4342,0.81574327
1067.6545,1249.928,0.8150588
1041.0847,1199.0015,0.88062227
1027.4072,1159.4365,0.8660171
1021.6027,1145.7795,0.8672514
1016.4172,1146.1484,0.87731445
1015.9912,1145.8623,0.8791201
1018.79944,1158.1243,0.85634595
1022.22,1177.9393,0.7839551
1038.1335,1245.9304,0.81545305
1055.1432,1316.5427,0.8044371
1050.4209,1313.8629,0.8061024
1057.8507,1362.497,0.65928644
1065.8054,1355.4329,0.618555
1060.9558,1307.9525,0.80938536
1057.0175,1288.1372,0.82757294
1056.8516,1276.3895,0.81460583
1048.0198,1228.0728,0.834343
1021.9649,1211.0042,0.86495996
1020.6839,1197.2639,0.8707733
1030.7257,1184.0579,0.87748075
1031.0643,1184.4891,0.8835915
1048.6837,1150.54,0.84852755
1105.3198,1180.1233,0.799128
1042.1077,1186.4851,0.8195219
1085.1646,1232.5872,0.8527066
1085.8076,1234.1896,0.8611808
1119.0793,1285.6941,0.7843516
1089.2192,1291.8212,0.7827773
1076.353,1269.6978,0.70787287
1117.2378,1238.5522,0.8397489
1109.727,1239.4307,0.8478168
1070.9044,1217.0457,0.86132437
1045.4402,1173.2983,0.8817306
1043.9822,1158.092,0.8890179
1047.3663,1146.0833,0.86479676
1048.4875,1146.4568,0.8520011
1046.2351,1146.523,0.8615861
1043.3712,1148.4441,0.89475995
1060.3099,1188.4111,0.8566373
1057.1365,1217.9459,0.89957845
1054.4563,1219.9551,0.90138346
1068.1531,1269.599,0.8435677
1078.7618,1288.6025,0.85224444
1078.6425,1304.1259,0.68868613
1082.0254,1308.0552,0.7128608
1083.5546,1323.1652,0.68169296
1070.0583,1258.2051,0.80537564
1054.7183,1227.1897,0.8547136
1040.1449,1188.4983,0.8550675
1043.374,1155.4869,0.8467031
1040.5886,1154.5198,0.8499545
1051.573,1150.3868,0.83664703
1032.5995,1129.6803,0.84242696
1036.6648,1149.6423,0.87424725
1065.4241,1174.5444,0.84129703
1061.4347,1173.636,0.8540517
1069.9303,1219.6721,0.82995975
1074.7511,1273.4731,0.72790635
1088.1665,1321.4204,0.7362499
1065.3035,1287.4602,0.75732356
1066.5919,1291.4022,0.7526069
1078.8434,1288.8231,0.7118744
1059.7697,1254.3552,0.84456754
1063.238,1230.3682,0.8620478
1062.6298,1187.206,0.84508866
1061.171,1185.9031,0.84047914
1030.2811,1146.6636,0.87692845
1027.4863,1133.6283,0.8592055
1030.3033,1132.4219,0.8296139
1044.4202,1169.5782,0.8432794
1041.2261,1169.6722,0.8374297
1050.6228,1199.2617,0.8836429
1054.8522,1236.4673,0.863532
1078.785,1294.1772,0.73940927
1083.9415,1305.3411,0.8311276
1076.9429,1297.3269,0.77413815
1075.452,1282.7062,0.8302613
1071.2778,1262.081,0.84363604
1040.9082,1202.276,0.88798964
1027.4341,1171.247,0.8312874
1020.609,1169.7468,0.8638523
1017.17377,1128.921,0.8377973
1033.852,1126.5057,0.82519054
1049.7125,1112.7642,0.80694187
996.9197,1099.4797,0.8426259
997.1907,1099.1245,0.8419817
1016.3132,1120.9109,0.78141546
1000.0847,1164.7456,0.86493325
1026.8727,1206.8301,0.8864317
1034.5559,1241.5302,0.8989427
1037.6606,1244.8319,0.89977473
1028.4828,1236.5353,0.91825706
1036.4374,1216.6384,0.90895337
1030.152,1186.5669,0.91376513
1023.67834,1137.1462,0.91331315
1025.526,1137.615,0.9114979
1205.2378,1201.866,0.68867624
1013.51715,1080.9238,0.9101883
1006.7567,1072.1179,0.92996615
997.8694,1056.1543,0.9394663
998.434,1056.5563,0.9389513
1005.8584,1060.9369,0.9370066
1011.933,1064.8899,0.9368818
1155.2241,1148.8027,0.7028091
1039.6469,1143.86,0.9343893
1039.132,1143.8475,0.9336716
1075.6614,1181.1256,0.94059837
1090.6951,1194.6195,0.8914573
1121.7905,1192.4307,0.8461722
1140.7765,1226.7968,0.8409294
1142.2373,1228.7551,0.8429275
1097.7778,1125.2472,0.9377342
1063.7845,1104.9756,0.9250937
1062.3398,1083.8351,0.92937505
1056.2484,1068.2925,0.93064916
1054.3069,1067.552,0.93117505
1051.7638,1058.3779,0.9324253
1062.3651,1057.5149,0.9319488
1077.2872,1071.2684,0.93016845
1080.3408,1070.8033,0.9267509
1111.0278,1115.4851,0.9197307
1099.1405,1158.1975,0.8849792
1134.0728,1230.0419,0.92189336
1149.9335,1238.3037,0.8842617
1148.9601,1238.6116,0.88806945
1145.867,1238.1658,0.752552
1147.8137,1203.9906,0.85116774
1085.4122,1097.5417,0.92988336
1078.1569,1057.5295,0.93390965
1075.0427,1055.6248,0.93485934
1055.0095,1038.0972,0.9425972
1049.2168,1014.8773,0.9410017
1052.4089,1020.1531,0.9426401
1050.7529,1026.6678,0.9418421
1050.0913,1026.7733,0.94269055
1061.7826,1078.8789,0.9440911
1099.7968,1116.9955,0.9327725
1114.4259,1178.7709,0.9079659
1133.6941,1209.3776,0.942771
1139.4746,1210.4736,0.9432014
1154.1318,1217.7439,0.9351889
1178.2307,1212.7683,0.79829216
1170.2272,1179.8582,0.87715155
1120.4102,1108.4984,0.9399706
1126.4579,1110.9973,0.93905073
1086.8289,1088.9937,0.9419135
1070.2036,1062.9658,0.94019514
1050.7006,1046.3501,0.9432225
1051.5784,1054.645,0.94879556
1050.4769,1054.3672,0.94927484
1057.6123,1060.928,0.9478771
1058.3835,1075.9221,0.9371076
1059.385,1103.4978,0.93526244
1127.1731,1189.7207,0.9382199
1132.5781,1196.9551,0.9345849
1128.6309,1212.7285,0.8814413
1131.0275,1217.6018,0.81220007
1106.3063,1206.7158,0.91635764
1115.762,1205.7712,0.9140817
1098.7164,1182.4918,0.93150795
1082.6802,1160.271,0.9345162
1055.312,1109.8085,0.9359275
1039.2151,1081.1957,0.9417408
1036.5875,1068.2942,0.9448345
1037.5847,1067.6025,0.9453709
1040.0234,1072.8154,0.94308805
1055.9291,1085.9365,0.93784636
1063.2723,1130.4011,0.9312408
1071.3948,1176.6748,0.9217034
1069.3091,1177.6777,0.9209242
1104.6365,1251.7048,0.9062645
1109.8575,1237.0881,0.91055685
1094.3925,1239.5161,0.8542553
1119.4572,1246.1832,0.87907624
1113.322,1238.5872,0.89071125
1112.4062,1221.0957,0.9027617
1145.1992,1201.8723,0.82884735
1255.5122,1225.6398,0.70048404
1069.3215,1132.5979,0.9161981
1071.5901,1131.7129,0.91296417
1071.5413,1134.196,0.9036285
1058.0168,1114.2036,0.9119284
1117.2501,1173.2559,0.7458351
1057.3555,1170.0912,0.90908486
1056.2253,1171.1721,0.9128604
1080.7415,1227.0383,0.92761713
1084.6333,1280.9788,0.8387273
1079.956,1270.28,0.900399
1086.6646,1233.9062,0.84888417
1086.9395,1234.5632,0.84009165
1074.8115,1209.443,0.84542465
1035.0884,1162.0793,0.8895689
1015.6174,1117.1929,0.8774884
1006.60547,1098.042,0.8883542
1004.38245,1097.1931,0.89190763
1005.9688,1087.8583,0.8787467
997.79095,1087.9427,0.86799335
1033.2913,1116.2529,0.8175459
1016.2892,1160.1405,0.83974934
1019.0784,1160.4331,0.84352106
1039.6133,1222.895,0.6896936
1024.6716,1270.4929,0.8598805
1033.5168,1274.103,0.8277848
1039.0493,1262.2583,0.7535539
1041.6697,1256.4357,0.7504965
993.605,1236.3658,0.84846836
992.13354,1171.053,0.8081217
972.778,1143.3953,0.81364125
977.61237,1113.3145,0.8418676
976.4143,1113.059,0.84776676
969.7165,1098.4662,0.86032045
964.5879,1097.066,0.8739456
987.13025,1125.8909,0.86782604
1007.1482,1161.8104,0.88535506
1008.0804,1162.9851,0.88568044
1045.1106,1210.8197,0.73910767
1030.6484,1258.1942,0.8986596
1029.1628,1312.8379,0.87355435
1024.9142,1301.4822,0.88017976
1036.4232,1303.0837,0.86052495
1052.6934,1243.0691,0.81074077
1040.4812,1237.04,0.7711588
1022.36993,1191.181,0.7822507
1021.81586,1142.2771,0.75901884
1022.6415,1140.3702,0.766181
1009.06,1118.499,0.8338131
1010.364,1117.9131,0.85586375
1014.1216,1133.8793,0.7812436
1048.0702,1167.0403,0.7822533
1040.5837,1161.4926,0.79571515
1066.942,1198.9865,0.7653201
1060.4391,1270.4377,0.76939017
1120.8671,1294.2733,0.7353663
0.0,0.0,0.4935495
1205.4918,1268.406,0.5242507
1179.6198,1214.1412,0.73086447
1060.1597,1239.7991,0.6176364
1172.0513,1149.655,0.66026354
1220.582,1161.4187,0.59545606
1212.2366,1163.5485,0.57846665
1185.2189,1138.0212,0.66278523
1119.7625,1079.1946,0.60947216
971.5686,1127.352,0.82254606
986.0006,1137.3322,0.7802239
986.6444,1134.4993,0.7591269
1014.8139,1203.6422,0.8558131
1032.3601,1230.4407,0.88751173
1056.4836,1272.0952,0.8619296
1048.2839,1248.9226,0.8794459
1034.1279,1254.8674,0.8835243
1029.5402,1233.1796,0.86544234
1015.432,1195.9348,0.8978173
1005.94836,1168.9272,0.8800681
992.79675,1142.7881,0.8708526
992.1138,1140.2921,0.8707346
982.91986,1105.8131,0.90502316
986.22363,1087.5582,0.9102335
994.3379,1094.8838,0.8986242
1028.0813,1129.9358,0.91606814
1030.5354,1141.783,0.9159466
1019.05615,1151.7032,0.92388296
1048.984,1217.6344,0.8836339
1067.794,1227.6731,0.8607592
1087.7753,1270.591,0.7839289
1084.7794,1270.2401,0.77909154
1060.9751,1246.1144,0.8116482
1100.1936,1236.1941,0.65580976
1063.8767,1171.9451,0.87458307
1091.2845,1181.481,0.8168287
1081.1667,1182.0543,0.8277978
1105.868,1158.436,0.82358193
1046.7202,1134.5859,0.8572667
1032.8126,1146.7089,0.8665341
1071.7003,1136.9182,0.7958221
1073.1721,1140.3102,0.7951517
1061.2847,1136.6335,0.8098222
1078.2332,1198.8828,0.81248677
1089.5488,1256.136,0.67032087
1087.6106,1294.5394,0.7987906
1100.5851,1298.8152,0.74542576
1115.6184,1310.4229,0.79858714
1085.5867,1296.0721,0.65597045
1085.2754,1243.7924,0.65629107
1079.0208,1197.1622,0.7908436
1077.8086,1199.4495,0.79542947
1077.3312,1175.792,0.81770813
1058.1448,1153.5378,0.8583175
1043.55,1146.9913,0.89495945
1042.7551,1140.478,0.90200573
1041.1538,1135.9335,0.90572786
1045.5144,1161.2466,0.91268474
1037.7666,1101.4934,0.8394497
1050.1167,1157.5186,0.81642
1060.1135,1223.0083,0.81251484
1061.7607,1222.164,0.80578285
1073.7495,1295.6216,0.76159894
1082.6526,1301.0137,0.6556006
1085.2789,1269.5886,0.8338367
1071.6804,1244.412,0.8135899
1072.888,1240.6489,0.8231267
1073.6377,1211.1477,0.84101295
1099.4587,1188.584,0.85035676
1089.5723,1156.1506,0.8330219
1074.7358,1151.1294,0.89299184
1075.6964,1153.199,0.8915806
1072.0963,1143.4812,0.88170385
1076.845,1161.9774,0.92053
1074.4971,1138.876,0.8173182
1091.5469,1177.4543,0.85253304
1091.5626,1178.063,0.8575039
1097.3179,1239.2533,0.85568845
1131.4924,1330.0214,0.7848783
1105.0471,1275.101,0.8948011
1102.6768,1265.3193,0.77401334
1109.2227,1268.2158,0.7733396
1082.7244,1275.3265,0.80548185
1082.0527,1230.8833,0.86717206
1074.8816,1165.7135,0.8637221
1075.8412,1169.1467,0.87348944
1072.7944,1166.5676,0.88427216
1073.5142,1124.6567,0.89297414
1066.5853,1114.279,0.9121666
1083.6948,1144.8958,0.88351387
1081.6793,1155.1512,0.9039988
1080.1022,1148.5952,0.9029652
1095.3215,1190.2268,0.89065874
1132.5447,1235.0334,0.8969487
1130.6863,1263.5586,0.8924715
1114.9639,1316.0996,0.7809291
1115.637,1319.5712,0.7823627
1102.427,1233.3943,0.82206255
1097.6702,1256.523,0.84899026
1093.208,1171.8367,0.8868788
1075.4934,1150.7388,0.90220225
1072.8065,1149.2354,0.9044059
1066.792,1147.3604,0.91286904
1076.799,1165.8453,0.90076345
1108.3826,1183.4414,0.8061548
1077.7738,1147.52,0.87686676
1073.1011,1150.5024,0.8781482
1086.7566,1201.7737,0.87140787
1068.3553,1225.7589,0.84149504
1080.8816,1257.1246,0.86680037
1090.0669,1267.7915,0.8460225
1092.5464,1269.6235,0.8683778
1097.4456,1279.757,0.80776477
1083.2377,1232.7424,0.7715526
1086.6572,1252.0992,0.8207089
1081.2327,1172.8186,0.85264534
1078.509,1174.8495,0.8555643
1062.9541,1167.9965,0.8880653
1049.8452,1134.8936,0.90137583
1056.9832,1143.6066,0.9005174
1067.2526,1144.3881,0.9083809
1066.7798,1145.1896,0.9090248
1086.7898,1160.4502,0.8804603
1105.1289,1199.4374,0.86825955
1130.4055,1243.6434,0.8541614
1142.1257,1251.6621,0.947749
1142.6682,1253.5193,0.9467136
1156.3425,1252.8335,0.9432198
1162.0706,1237.9817,0.90432256
1176.0686,1252.4814,0.83454025
1180.2864,1211.5464,0.8730226
1183.2888,1214.905,0.87021726
1133.2926,1145.6964,0.87642306
1123.0669,1132.7473,0.9018615
1085.4562,1093.7385,0.91922545
1090.8138,1100.3137,0.91703
1077.1118,1081.3853,0.93398136
1094.6633,1097.487,0.9260235
1114.0146,1145.8179,0.9045792
1109.9297,1173.2139,0.9208564
1107.7,1170.7068,0.9209027
1145.4144,1207.5985,0.8897744
1149.5243,1214.1543,0.9497503
1145.6414,1208.7292,0.8988633
1191.592,1250.7456,0.85698664
1191.0962,1253.9008,0.85881716
1134.5242,1173.1147,0.92334896
1093.7002,1109.3848,0.93760884
1069.6099,1082.9905,0.9432797
1045.7822,1055.9272,0.94201976
1045.839,1056.7041,0.9415276
1046.0254,1052.2837,0.93756616
1050.7065,1055.9728,0.940982
1044.1589,1068.2175,0.9397759
1063.6615,1102.4978,0.93328416
1065.9888,1102.4484,0.93440187
1090.6696,1149.4406,0.9280887
1089.0449,1190.1478,0.92913306
1115.3716,1194.7766,0.8875813
1095.6339,1199.0409,0.9162716
1097.3849,1202.448,0.91239756
1133.0605,1214.9795,0.9028645
1056.0913,1131.8741,0.9358778
1046.0863,1100.2388,0.92994696
1032.1835,1067.8408,0.939865
1031.0183,1066.7112,0.940413
1038.0159,1056.249,0.9375292
1038.2585,1051.2504,0.9148974
1041.1504,1054.5078,0.91326743
1040.7494,1082.6509,0.9410142
1040.9656,1082.8842,0.9428097
1076.0596,1134.2748,0.9240067
1094.6195,1171.8417,0.93188906
1110.1438,1180.2656,0.96174455
1118.2981,1171.0217,0.95882505
1112.3824,1174.0646,0.9356514
1115.4165,1166.6365,0.9326347
1081.9658,1104.9495,0.94474447
1077.1245,1068.2083,0.94048035
1057.8698,1044.8231,0.9481311
1057.8008,1045.2422,0.94878256
1062.8538,1034.2715,0.94661534
1066.9241,1033.2322,0.9451187
1066.3806,1037.7675,0.946531
1068.6324,1039.1252,0.9488415
1070.3203,1039.5012,0.9490825
1079.5786,1072.3208,0.9405204
1109.4604,1115.373,0.9304592
1143.3687,1152.4263,0.9569492
1118.3558,1167.0475,0.9325517
1129.1411,1160.3542,0.9113648
1128.3699,1172.005,0.93077
1116.7224,1146.5579,0.9324853
1106.3889,1113.8688,0.9338289
1085.9685,1072.4448,0.93886423
1086.2434,1073.3433,0.93790853
1079.6223,1043.0737,0.9436219
1078.0984,1029.9152,0.9385101
1077.7925,1029.5747,0.93881375
1094.8977,1040.2622,0.9309463
1095.9971,1039.0695,0.9312716
1089.5159,1061.017,0.93658763
1121.0259,1118.981,0.9270186
1120.0621,1171.9316,0.9320759
1154.6919,1233.801,0.9423488
1152.3059,1229.1123,0.9446121
1142.6765,1217.0751,0.9438422
1133.6289,1190.1604,0.87075174
1112.0233,1139.7375,0.9558215
1084.0522,1106.5623,0.93543816
1083.8523,1105.8351,0.93566686
1072.1514,1082.2949,0.9445681
1065.8309,1057.4175,0.9389275
1065.4927,1046.9922,0.93722236
1070.8638,1047.9912,0.940526
1070.138,1047.1343,0.94173974
1077.9697,1061.3091,0.94317216
1090.4326,1095.1301,0.9353254
1119.4994,1137.009,0.94738626
1132.4473,1200.0266,0.9499222
1130.4987,1195.4683,0.9170023
1135.6332,1225.0879,0.9542808
1145.4573,1233.7101,0.95496875
1140.3716,1220.9526,0.86368805
1106.028,1180.3464,0.92839575
1106.1295,1180.5358,0.9288746
1079.6129,1117.511,0.93327326
1069.6117,1082.5475,0.93669283
1067.8334,1058.6042,0.9421464
1069.1489,1050.396,0.94021714
1069.8141,1048.8484,0.93999714
1074.4451,1054.8533,0.93689907
1074.2072,1079.8884,0.93786
1098.6868,1116.2759,0.9496484
1124.029,1170.9591,0.9245912
1125.6825,1169.9689,0.92558396
1156.6704,1225.3914,0.9467829
1147.1465,1224.8699,0.86997974
1135.3656,1215.8251,0.86351967
1145.325,1196.0835,0.9127002
1144.017,1194.0409,0.91771543
1102.3403,1149.4963,0.92701584
1087.2446,1112.8584,0.9225395
1085.3853,1092.4371,0.93247694
1069.0759,1075.9025,0.9408298
1069.0375,1074.9431,0.9409078
1078.3406,1083.4874,0.93284494
1075.233,1097.7454,0.9111431
1089.5625,1134.5427,0.91984564
1120.2084,1202.509,0.9126962
1100.8735,1190.0967,0.9239593
1124.125,1226.498,0.85438794
1157.721,1238.0818,0.90345657
1155.9209,1232.8221,0.7955074
1111.2064,1187.8975,0.9322992
1120.342,1196.5153,0.92740846
1102.5569,1158.3921,0.9133092
1068.5643,1095.144,0.93400127
1064.4819,1068.7826,0.9316447
1064.655,1063.9603,0.93242365
1062.2483,1059.1584,0.9336046
1058.4271,1053.3853,0.9342573
1048.9706,1054.239,0.9396166
1046.103,1080.0104,0.9331707
1069.8346,1123.4773,0.9318059
1069.9666,1123.942,0.9338958
1088.0847,1180.1716,0.9368696
1115.5477,1225.4832,0.91311234
1130.2191,1242.3755,0.89607626
1130.8943,1216.2622,0.8823296
1132.9258,1215.7246,0.8870925
1125.1481,1202.1279,0.90978986
1089.2065,1145.271,0.9209608
1070.1719,1091.1449,0.93132
1067.616,1063.6475,0.9368494
1067.5244,1063.2491,0.93657196
1071.3857,1053.7832,0.9370456
1068.8887,1041.3396,0.9353401
1075.763,1049.7534,0.93315595
1081.3634,1080.6272,0.9336857
1081.1532,1081.3004,0.9329768
1110.2947,1131.4677,0.9375822
1129.7979,1178.9885,0.91982794
1161.5594,1208.8665,0.890743
1202.5911,1219.685,0.88942826
1204.8306,1219.396,0.8933655
1185.9849,1203.0553,0.8246017
1171.5898,1169.9431,0.90469384
1150.4802,1107.511,0.9432203
1114.069,1067.7344,0.93004245
1113.0039,1065.7524,0.9302836
1107.975,1058.991,0.93457586
1103.9927,1059.9137,0.93689525
1118.3932,1066.2737,0.9286757
1141.0771,1083.0828,0.9265478
1139.1934,1083.4958,0.92767227
1135.9045,1135.5621,0.91916
1170.6699,1192.1215,0.8957321
1184.1647,1223.4287,0.91841644
1167.8982,1224.177,0.9222646
1165.4277,1225.0901,0.9183721
1177.7843,1213.9102,0.80067647
1153.5721,1184.5151,0.81771487
1098.9744,1109.0991,0.9310248
1084.7836,1073.1672,0.9277303
1086.1925,1073.0824,0.9281626
1086.5784,1059.5444,0.9314403
1075.0493,1047.3931,0.92961603
1076.5564,1051.8015,0.9338878
1085.0043,1064.9784,0.93779236
1084.6633,1069.8418,0.9338667
1100.6719,1103.4152,0.9353953
1124.7365,1162.6014,0.9165575
1142.1338,1178.251,0.88549936
1142.032,1226.1276,0.93346775
1140.043,1222.9309,0.9277265
1162.2854,1228.5072,0.9112388
1161.7703,1215.9829,0.7929212
1143.8066,1203.2963,0.8670434
1128.6582,1142.2744,0.88468003
1131.7429,1142.8442,0.86122626
1131.7122,1134.869,0.8617745
1078.4009,1088.3865,0.90710604
1139.1536,1118.4785,0.7534043
1190.166,1164.6093,0.67719364
1185.9099,1161.2007,0.6771736
1122.8328,1134.3447,0.8749252
1090.1984,1127.7185,0.88754034
1108.9651,1178.5742,0.88980865
1134.8596,1227.1405,0.90878767
1139.1589,1224.6289,0.9074186
1147.8213,1254.0354,0.8801209
1128.9641,1251.6486,0.86173
1126.1211,1249.7587,0.7198751
1101.215,1189.767,0.860074
1101.1875,1192.51,0.8584951
1096.2793,1185.3163,0.86805046
1085.0759,1135.3143,0.8597938
1093.6458,1142.7032,0.84384185
1086.1018,1138.7627,0.8631406
1082.3718,1137.0535,0.870845
1086.6177,1129.9678,0.8560181
1097.5155,1149.398,0.89421666
1088.7739,1171.8278,0.844888
1114.0967,1247.702,0.79030836
1105.1824,1237.6198,0.79409146
1115.3107,1271.3604,0.66140723
1099.594,1283.66,0.87631303
1104.1974,1276.4001,0.821106
1109.7305,1260.3389,0.79642385
1111.2804,1257.3647,0.8095104
1096.2488,1247.5466,0.8176161
1121.4812,1226.0042,0.8303332
1104.5898,1187.476,0.8561046
1096.0396,1168.6904,0.8871231
1096.6028,1167.3113,0.88642794
1101.3694,1160.9357,0.87781775
1103.3279,1162.9889,0.8838408
1105.707,1168.6309,0.89585626
1119.0582,1189.2246,0.89466363
1124.5615,1193.4309,0.88537997
1134.2661,1246.3518,0.8425032
1137.6909,1271.7456,0.79428715
1125.078,1249.6185,0.82876116
1109.5183,1240.4668,0.87890244
1111.0486,1237.4321,0.8738261
1102.721,1187.3269,0.8743267
1077.717,1146.5492,0.87641126
1051.6558,1086.719,0.90009856
1166.3,1131.5485,0.6645152
1166.7949,1138.2349,0.66398877
1037.1477,1050.7983,0.92333305
1045.5345,1052.9656,0.9190165
1044.992,1061.1094,0.9221964
1060.6064,1111.8402,0.9255007
1063.8024,1113.0685,0.92242384
1083.5563,1170.3217,0.9185625
1105.1887,1241.4647,0.89129174
1131.4436,1257.8877,0.781176
1130.7821,1239.9957,0.80384463
1125.0591,1248.5468,0.7635554
1117.4888,1187.9956,0.8715973
1111.8755,1185.7489,0.87666774
1066.0947,1124.2225,0.9151188
1072.7295,1130.8141,0.9085399
1063.2487,1118.6997,0.91887367
1057.0383,1099.7198,0.91522545
1053.992,1090.0928,0.9109992
1066.0558,1116.1136,0.91253424
1074.0487,1122.882,0.90810674
1052.1573,1110.4972,0.849705
1080.0128,1150.0056,0.87350345
1118.3257,1199.5181,0.8957252
1130.0103,1220.1736,0.84925663
1127.9264,1230.3762,0.8630676
1123.3,1237.5175,0.88561505
1123.4646,1223.9524,0.8546143
1118.2867,1189.8291,0.90257794
1069.5176,1132.2323,0.9275088
1069.9758,1134.2515,0.9279858
1073.3938,1113.4938,0.92422193
1079.5294,1105.2667,0.92586935
1077.0911,1099.5088,0.91977423
1064.9696,1085.813,0.9271062
1065.3687,1084.2124,0.92692244
1075.9849,1107.8975,0.906011
1077.8148,1140.3367,0.91759163
1104.8396,1176.277,0.93013734
1118.6399,1182.5105,0.9201274
1121.5599,1187.1423,0.91691583
1139.9958,1178.5437,0.9170014
1124.758,1178.576,0.92897356
1108.1038,1156.1714,0.93837124
1099.8906,1112.5945,0.9394573
1098.5844,1108.8931,0.93953025
1083.0518,1075.2073,0.9404447
1071.2397,1048.2007,0.9464895
1072.3759,1035.9568,0.94351256
1071.9937,1029.5739,0.9383597
1069.8789,1030.9362,0.93907064
1071.0673,1037.0175,0.934466
1079.5206,1072.4303,0.9312823
1088.9913,1117.9207,0.9322999
1133.8308,1147.5135,0.95529306
1132.9755,1148.9211,0.9552175
1126.0933,1179.2904,0.9291723
1126.4873,1176.3595,0.9271571
1150.8967,1192.3354,0.91179085
1098.793,1117.2125,0.9337634
1101.8059,1120.7462,0.9313553
1078.1656,1076.0189,0.9402377
1074.9443,1052.6191,0.9398007
1063.3663,1045.083,0.9412776
1059.5977,1051.9509,0.94782186
1058.2019,1050.9668,0.9466709
1054.7793,1059.6149,0.9394106
1068.8191,1085.7192,0.94004446
1075.3524,1126.4374,0.92423284
1078.9911,1185.7188,0.9272264
1077.6976,1188.6483,0.9280906
1083.0745,1224.3733,0.9088818
1097.282,1246.6458,0.91505605
1089.4629,1238.4191,0.8583767
1097.6246,1226.8253,0.8716091
1098.6235,1230.3826,0.8648167
1063.9222,1154.962,0.9101725
1046.1456,1107.418,0.8983535
1038.5256,1076.9154,0.8993303
1035.0857,1067.3984,0.90086347
1035.2327,1067.435,0.89797616
1032.9517,1069.8912,0.9243857
1050.1233,1080.1167,0.9253862
1050.981,1123.0808,0.9193531
1071.4443,1178.2725,0.8950562
1071.863,1181.6167,0.8955813
1079.2324,1210.1959,0.8993187
1100.481,1237.5408,0.89215827
1096.5228,1244.6394,0.87504745
1085.0955,1248.2783,0.8396684
1085.8691,1252.5347,0.84513795
1094.3838,1226.9233,0.8641239
1043.517,1145.1117,0.9143456
1032.5552,1107.529,0.908079
1033.9519,1096.5437,0.8920761
1031.4517,1092.3767,0.89386725
1027.0813,1091.8828,0.9041166
1026.5029,1094.7748,0.9038338
1047.0554,1131.4697,0.8714602
1044.5161,1187.6692,0.91445756
1045.4182,1186.7565,0.9152501
1069.4695,1265.7521,0.8660428
1081.5647,1314.9446,0.8541525
1083.821,1343.2615,0.833365
1066.7131,1302.5225,0.81765676
1068.5438,1306.9683,0.81677693
1051.2747,1260.3458,0.8304855
1061.8413,1250.392,0.85293454
1059.7834,1227.0681,0.85997
1041.2266,1185.4526,0.8525078
1041.4038,1183.0967,0.8564202
1045.1254,1176.1555,0.8607427
1065.1299,1160.9895,0.8531143
1067.1942,1175.2208,0.83908314
1101.9641,1196.0094,0.85640836
1102.9238,1200.9014,0.8719193
1089.1622,1198.8777,0.85187006
1122.34,1245.3083,0.89784384
1129.0409,1287.461,0.8899341
1147.6593,1295.8569,0.86607105
1147.435,1293.6582,0.8610871
1130.6526,1261.9569,0.8131085
1120.8394,1227.4148,0.6463193
1107.2986,1224.0171,0.74278915
1127.5029,1174.6132,0.7969793
1101.9132,1183.7238,0.776465
1108.331,1143.4447,0.7765835
1117.6958,1156.3998,0.8473193
1119.2856,1158.7439,0.8549096
1138.9316,1163.4785,0.7715676
1139.9529,1167.7168,0.7800759
1122.9144,1166.103,0.8020316
1164.3,1211.4236,0.6863223
1181.0182,1279.7898,0.83204067
1156.3606,1274.8604,0.8487999
1156.4395,1272.5645,0.8400414
1129.906,1250.7495,0.82928383
1105.5552,1230.203,0.8313448
1094.8269,1210.127,0.63746434
1128.1447,1180.6382,0.7858191
1134.1897,1180.7251,0.78461295
1112.5049,1162.0951,0.8285348
1098.3062,1154.5483,0.85074556
1094.8914,1156.8738,0.8656251
1113.3066,1140.1758,0.76193297
