1085.1941,1950.4237,0.5475123
0.0,0.0,0.4300564
0.0,0.0,0.44613323
0.0,0.0,0.385584
1119.2505,1979.77,0.6094852
1123.6038,2001.9487,0.72178197
1121.747,1999.013,0.7694396
1123.4272,1999.3649,0.76407653
1117.1155,2015.2141,0.6458954
0.0,0.0,0.11639818
0.0,0.0,0.11771694
0.0,0.0,0.35852772
0.0,0.0,0.074154764
1068.428,2051.5464,0.5387847
1096.2961,2040.7131,0.61881876
0.0,0.0,0.422353
0.0,0.0,0.49240625
0.0,0.0,0.41211814
0.0,0.0,0.10922697
0.0,0.0,0.41231382
0.0,0.0,0.2951769
1068.9025,2033.4386,0.5376477
1071.719,2030.396,0.5373443
1095.4912,2036.0762,0.71001244
1102.9886,2028.4912,0.7835815
1085.7125,2027.7916,0.62009627
1073.8228,2008.5752,0.5825692
1071.1677,2007.2161,0.5965022
1082.0494,2000.7363,0.6513927
1087.1084,2017.8446,0.5399696
1104.793,2018.811,0.7253484
1114.0127,2022.6245,0.8040138
1114.6453,2021.7825,0.8051012
1109.7385,2016.8718,0.7681829
1085.0681,2019.7625,0.66202587
1067.3406,2004.9861,0.6647684
1075.1238,1984.9653,0.65166104
1074.2759,1988.1052,0.63592774
1075.7612,1996.4663,0.70974123
1084.2289,2014.2534,0.78820485
1079.0034,2016.6453,0.7869031
1064.1422,1997.863,0.6630251
1064.1404,1999.2891,0.67352295
1054.2827,1973.3046,0.7104001
1055.9916,1963.4128,0.6754069
1058.0612,1972.0269,0.7906981
1063.1388,1979.5408,0.75475985
1062.3989,1981.4575,0.7380793
1070.7067,1995.6794,0.8168858
1075.1047,1996.3687,0.8323689
1059.4668,1986.4135,0.673006
1058.1132,1975.3896,0.5321325
0.0,0.0,0.49402654
1062.406,1976.2329,0.61320513
1069.0872,1983.8318,0.80511755
1082.0608,2012.1123,0.8158309
1092.791,2016.7705,0.84769917
1084.9764,2009.7122,0.7923374
1089.146,2012.1511,0.8397625
1062.954,1998.0635,0.7835032
1050.2343,1962.6713,0.7620032
1059.5394,1965.3909,0.77085245
1058.3837,1966.4336,0.7568872
1067.9529,1967.166,0.77872306
1074.8617,1981.0396,0.79556626
1073.7438,1983.9045,0.7786164
1077.4962,1995.379,0.8276981
1076.8887,1994.5408,0.8190947
1069.5941,1985.4062,0.7499745
1064.4185,1982.0144,0.69082147
1062.7042,1983.1655,0.70137846
1067.5063,2007.2695,0.7159948
1067.1577,2009.4143,0.7735541
1072.5481,2012.134,0.7532226
1072.7404,2014.2019,0.76808417
1064.0444,2013.5775,0.6684122
1056.0623,1996.544,0.58092487
1056.4463,1998.9221,0.5647647
1051.0908,1988.2109,0.567893
1053.6453,1989.1952,0.7435299
1052.8457,1994.0332,0.7438011
1055.1931,1997.5945,0.7785644
1054.4128,1998.3036,0.781999
1060.4675,2003.7103,0.80055594
0.0,0.0,0.4667628
0.0,0.0,0.38633153
0.0,0.0,0.31041706
0.0,0.0,0.3005427
1051.8362,2021.2343,0.6780455
1069.1731,2031.5569,0.74373937
1075.7566,2035.208,0.76769894
1055.0894,2054.4143,0.51011246
0.0,0.0,0.44110683
0.0,0.0,0.16590723
0.0,0.0,0.19490512
0.0,0.0,0.40658727
1064.9441,2040.8698,0.64212394
1065.0905,2041.3142,0.64987594
1060.4403,2040.5288,0.5492349
0.0,0.0,0.17173967
0.0,0.0,0.2875007
0.0,0.0,0.15426987
0.0,0.0,0.19671477
0.0,0.0,0.4750192
1046.8217,2059.473,0.5350977
1068.9165,2051.129,0.52417994
0.0,0.0,0.46620274
0.0,0.0,0.47382355
0.0,0.0,0.43162385
0.0,0.0,0.32318398
0.0,0.0,0.3041748
0.0,0.0,0.33648583
0.0,0.0,0.32638344
1037.1274,2067.2993,0.7655255
0.0,0.0,0.44192946
0.0,0.0,0.32839507
0.0,0.0,0.2372305
0.0,0.0,0.047172714
0.0,0.0,0.17942673
0.0,0.0,0.34862116
0.0,0.0,0.47808176
1059.6147,2057.821,0.5185094
1061.3923,2057.8252,0.5199708
1071.3015,2052.3718,0.5947135
0.0,0.0,0.2746199
0.0,0.0,0.43898398
0.0,0.0,0.32907787
0.0,0.0,0.31978074
1090.3169,2015.4543,0.75574535
1088.1681,2004.833,0.75255513
1063.2288,2007.5145,0.5514013
0.0,0.0,0.4182018
0.0,0.0,0.47053096
1035.6935,1995.5874,0.60018957
1064.2802,2009.5901,0.535949
1061.6421,2023.7107,0.58064353
1072.4059,2019.7661,0.6731032
1075.8221,2018.1123,0.70151633
1057.8142,2020.654,0.55058897
1050.3635,2002.3159,0.52246195
0.0,0.0,0.4530674
0.0,0.0,0.4074708
0.0,0.0,0.38593253
1077.5042,1958.1877,0.6434083
1087.2587,1955.2775,0.7543569
1085.6426,1941.353,0.7316817
1084.7175,1949.4172,0.635793
1086.0436,1950.0498,0.65656364
1081.6616,1955.5161,0.67345107
1069.3823,1961.362,0.6161811
1085.7511,1960.5276,0.7434329
1096.1886,1960.7377,0.7772399
1096.4314,1960.0345,0.77781427
1088.919,1953.3402,0.7416387
1064.905,1954.1572,0.5251386
1067.055,1966.4517,0.6091687
1060.1693,1956.9211,0.6270533
1059.4517,1957.9724,0.61588377
1075.4733,1954.5698,0.6982413
1092.6537,1944.2053,0.77973807
1091.0167,1943.3889,0.7657944
1093.9706,1955.4639,0.7932628
1095.1766,1953.5087,0.797519
1084.2661,1954.3213,0.77235115
1082.9103,1956.5779,0.74873894
1093.3279,1961.8054,0.7438793
1104.2704,1967.1174,0.82912
1099.559,1960.4275,0.7732953
1099.4673,1955.3807,0.7564134
1103.5176,1979.0955,0.81640065
1087.9744,1981.8699,0.7066389
1087.7592,2006.2745,0.58519423
1082.0739,1994.4053,0.651904
1080.133,2009.0654,0.64754725
1110.7275,2015.7946,0.8317166
1101.2479,2006.5242,0.77517045
1106.1702,2005.6782,0.7982014
1105.9023,2006.5076,0.80134857
1084.3484,1999.8512,0.6768792
1085.5787,2013.5676,0.63924545
1088.154,2005.8894,0.6497985
1110.9873,2001.3547,0.79249436
1111.4858,1999.8015,0.78814316
1102.5798,2005.6128,0.7509312
1110.1212,2011.2297,0.77802557
1104.9612,2004.5496,0.739643
0.0,0.0,0.46908933
1092.3748,1995.6609,0.5640591
1091.0996,2003.2687,0.6293726
1102.4675,2016.834,0.69587475
1114.8799,1999.5099,0.7465556
1111.5613,1996.1018,0.76232463
1111.6799,1996.2361,0.72702456
1096.9094,2013.2758,0.63187593
1098.6255,2014.5743,0.5450357
1047.9685,2028.3981,0.7112452
1107.3308,2045.0684,0.57194865
1110.1398,2043.1714,0.5886269
0.0,0.0,0.4941987
1115.4639,2055.0964,0.6220581
1096.7411,2041.8259,0.5550928
1072.1516,2039.6003,0.5427075
1069.1003,2038.1023,0.55579513
1030.036,2054.1045,0.6051333
1091.512,2039.9482,0.635366
1103.7291,2046.5885,0.6841244
1102.0419,2043.7504,0.69040626
1100.5908,2048.7012,0.70306444
1086.2306,2051.859,0.5634852
0.0,0.0,0.12951133
0.0,0.0,0.15964565
0.0,0.0,0.33595735
0.0,0.0,0.3890088
0.0,0.0,0.49844274
0.0,0.0,0.4579478
0.0,0.0,0.4494041
0.0,0.0,0.24589717
0.0,0.0,0.24237002
0.0,0.0,0.21070337
0.0,0.0,0.13885868
0.0,0.0,0.28742373
1067.7133,2020.1084,0.527233
1069.1321,2017.6007,0.5343664
1078.2545,2038.4697,0.5865461
1078.0237,2032.6813,0.55969954
0.0,0.0,0.11353024
0.0,0.0,0.47409603
1030.4803,2055.7334,0.5092458
0.0,0.0,0.366775
0.0,0.0,0.33864984
0.0,0.0,0.48815268
0.0,0.0,0.2329705
0.0,0.0,0.2926161
0.0,0.0,0.2463172
0.0,0.0,0.4130602
0.0,0.0,0.25769392
0.0,0.0,0.24482125
0.0,0.0,0.30484447
1060.5963,2037.2498,0.5046868
0.0,0.0,0.4931495
0.0,0.0,0.43031037
0.0,0.0,0.4332075
0.0,0.0,0.3564175
0.0,0.0,0.21430771
0.0,0.0,0.342699
0.0,0.0,0.48075217
1058.8815,2056.9458,0.50214285
1063.449,2055.6514,0.5288733
0.0,0.0,0.42109415
0.0,0.0,0.08525791
0.0,0.0,0.27919126
0.0,0.0,0.14508481
0.0,0.0,0.17026725
0.0,0.0,0.24390464
0.0,0.0,0.32708633
0.0,0.0,0.41561443
0.0,0.0,0.4020802
0.0,0.0,0.4035625
0.0,0.0,0.3053769
0.0,0.0,0.30860347
0.0,0.0,0.32980126
0.0,0.0,0.33638516
1068.3701,1988.5876,0.517742
1078.7975,2008.3455,0.58334345
1091.2756,2014.7815,0.5517384
0.0,0.0,0.42319667
0.0,0.0,0.44012204
0.0,0.0,0.38820827
0.0,0.0,0.3338843
0.0,0.0,0.43650886
1077.8247,2033.9279,0.5418092
1082.286,2038.1279,0.5424486
1085.1581,2045.2102,0.52944475
1085.6401,2046.182,0.5491923
0.0,0.0,0.4986658
0.0,0.0,0.13841438
0.0,0.0,0.21222436
0.0,0.0,0.29244572
1077.1968,2042.8726,0.50264126
1090.7988,2045.302,0.56534815
1088.8964,2044.6255,0.50323486
1087.9924,2044.2561,0.51902986
0.0,0.0,0.37747878
0.0,0.0,0.1383306
0.0,0.0,0.18846232
0.0,0.0,0.15204902
0.0,0.0,0.16730233
1041.939,1988.4402,0.52004415
1049.9078,2045.6708,0.59046555
1048.8158,2034.1802,0.53277075
0.0,0.0,0.1862276
0.0,0.0,0.16983783
0.0,0.0,0.3752987
0.0,0.0,0.22141938
0.0,0.0,0.46026784
0.0,0.0,0.38597864
0.0,0.0,0.41528305
0.0,0.0,0.3021489
0.0,0.0,0.32625842
0.0,0.0,0.4317596
0.0,0.0,0.21566021
0.0,0.0,0.36605957
0.0,0.0,0.25242063
0.0,0.0,0.43237105
1045.3789,2010.3193,0.60058403
1000.7159,1997.8643,0.51657456
0.0,0.0,0.44151953
0.0,0.0,0.42193052
982.4423,1996.4878,0.5154008
0.0,0.0,0.46609816
0.0,0.0,0.3982674
0.0,0.0,0.39117336
0.0,0.0,0.48427725
1050.7108,2039.6532,0.5279793
0.0,0.0,0.3213523
0.0,0.0,0.26567334
0.0,0.0,0.3986703
0.0,0.0,0.30967477
0.0,0.0,0.3588837
0.0,0.0,0.3516043
0.0,0.0,0.19407912
0.0,0.0,0.19353099
0.0,0.0,0.24770837
0.0,0.0,0.16373207
0.0,0.0,0.2406516
0.0,0.0,0.22237991
0.0,0.0,0.2312715
0.0,0.0,0.33036825
0.0,0.0,0.28971428
0.0,0.0,0.21690474
0.0,0.0,0.10934674
0.0,0.0,0.10264672
0.0,0.0,0.12440915
0.0,0.0,0.14018677
0.0,0.0,0.2896966
0.0,0.0,0.33992422
0.0,0.0,0.3690815
0.0,0.0,0.3578605
0.0,0.0,0.27152175
0.0,0.0,0.16415228
0.0,0.0,0.13273284
0.0,0.0,0.1422318
0.0,0.0,0.19983946
0.0,0.0,0.36604872
0.0,0.0,0.27947518
0.0,0.0,0.3377701
0.0,0.0,0.34056956
0.0,0.0,0.08680005
0.0,0.0,0.020400023
0.0,0.0,0.01590146
0.0,0.0,0.1942329
0.0,0.0,0.25736806
0.0,0.0,0.29845038
0.0,0.0,0.22691597
0.0,0.0,0.2505197
0.0,0.0,0.3196867
0.0,0.0,0.24810724
0.0,0.0,0.1407803
0.0,0.0,0.107718825
0.0,0.0,0.09602895
1057.8547,1989.2769,0.57863206
1058.5884,1987.7765,0.54147685
1055.4724,1986.1721,0.62241155
0.0,0.0,0.30767363
0.0,0.0,0.2757673
0.0,0.0,0.25155243
0.0,0.0,0.3247049
0.0,0.0,0.30815014
1020.529,1985.3137,0.539733
1052.9419,1987.6143,0.6559383
1037.5278,2017.4722,0.56428075
1034.364,2021.5873,0.56104875
0.0,0.0,0.30641374
0.0,0.0,0.33688006
0.0,0.0,0.40168542
0.0,0.0,0.38290918
0.0,0.0,0.3393438
0.0,0.0,0.46465448
1074.9453,2026.7297,0.5790772
0.0,0.0,0.25285172
0.0,0.0,0.039801273
0.0,0.0,0.036983788
0.0,0.0,0.11967195
0.0,0.0,0.038978785
0.0,0.0,0.4400349
1047.2036,2052.2078,0.57094496
1049.9099,2052.2905,0.5345014
1017.72864,2059.8594,0.58376944
0.0,0.0,0.25864634
0.0,0.0,0.36381692
0.0,0.0,0.3840061
0.0,0.0,0.3925838
0.0,0.0,0.47516072
1042.7604,1981.9509,0.51957935
1056.5261,2010.1461,0.5971204
1075.2275,2027.221,0.68047804
1068.0627,2019.5123,0.7173149
1060.8218,2025.3013,0.63090634
0.0,0.0,0.43115216
1039.9102,1964.5312,0.5612185
1034.6627,1964.7297,0.5406925
1031.717,1963.6967,0.5270644
1045.3948,1963.3599,0.5567305
1073.5266,1994.2372,0.6932831
1053.9998,2006.7349,0.6953386
1099.0243,2031.5958,0.6222353
1099.1852,2030.9863,0.54818803
0.0,0.0,0.42325476
0.0,0.0,0.3118215
1025.0588,1982.8451,0.5919896
0.0,0.0,0.35141152
0.0,0.0,0.33604962
1046.7979,1958.7147,0.5172365
0.0,0.0,0.36877817
1061.1482,2013.0275,0.63709795
1075.7766,2043.6265,0.6327377
1088.5028,2041.9457,0.69436604
1054.7992,2068.5588,0.61628276
0.0,0.0,0.34331083
0.0,0.0,0.09883012
0.0,0.0,0.4063363
0.0,0.0,0.39856094
0.0,0.0,0.3834483
0.0,0.0,0.36711875
1034.7566,1964.416,0.6487717
1080.2212,2018.2683,0.6056058
1070.9331,2019.1926,0.5632822
1089.1733,2027.9396,0.5835102
0.0,0.0,0.48488492
0.0,0.0,0.15733501
0.0,0.0,0.26374534
0.0,0.0,0.4250343
0.0,0.0,0.20731093
0.0,0.0,0.48377115
1054.7034,1957.2048,0.5132039
1068.7815,2009.3723,0.61080545
1069.6163,2003.9285,0.60281503
1089.8826,2013.364,0.7401615
1077.4329,2018.837,0.6241719
0.0,0.0,0.41066614
0.0,0.0,0.39907646
0.0,0.0,0.37111282
0.0,0.0,0.48707578
1055.5099,1923.1926,0.5219691
1055.307,1963.9641,0.5674694
1069.9885,1984.2697,0.6449478
1071.5592,1981.1362,0.6688907
1079.1099,2012.2805,0.684428
1076.2881,2017.4836,0.6968537
0.0,0.0,0.3940644
0.0,0.0,0.45963344
0.0,0.0,0.44709226
1050.4135,1942.9619,0.5480578
0.0,0.0,0.48069882
1054.6718,1960.7544,0.5953268
1061.9409,1984.7981,0.58509916
1059.9761,1979.8795,0.5750515
1065.0114,1982.7803,0.71609515
1061.2123,1974.6448,0.59858537
0.0,0.0,0.32219246
0.0,0.0,0.46255842
0.0,0.0,0.499191
1054.7267,1905.6934,0.5606296
1061.2646,1918.6787,0.5744488
1075.7251,1932.106,0.684553
1081.7435,1958.133,0.680284
1083.9602,1955.5955,0.6871313
1086.7383,1966.8667,0.7182732
1073.8232,1967.0475,0.62108064
990.621,1972.4835,0.52870566
0.0,0.0,0.42238808
0.0,0.0,0.413278
1056.7795,1938.7072,0.50230956
0.0,0.0,0.3772724
1077.2538,1972.6125,0.65943396
1101.3862,2002.0603,0.64723206
1101.2413,2001.776,0.6226396
1088.0067,2024.9945,0.6461669
0.0,0.0,0.4920559
0.0,0.0,0.24999958
0.0,0.0,0.33635333
0.0,0.0,0.35744172
0.0,0.0,0.4106795
0.0,0.0,0.42499512
1062.915,1968.8005,0.6085573
1062.094,1970.7183,0.6293445
1088.9417,1955.2864,0.6957815
1085.4292,1970.4106,0.7324609
1069.1953,1957.7971,0.61193746
0.0,0.0,0.30304328
0.0,0.0,0.3276513
1065.2498,1914.1448,0.5635991
1066.5006,1911.0276,0.5764916
1061.241,1931.6328,0.6310073
1077.9214,1949.5298,0.6503297
1079.0674,1949.7462,0.6544119
1079.8706,1984.5256,0.65590674
1088.4097,1996.0266,0.7089327
1061.3206,1989.1311,0.55320615
0.0,0.0,0.41736686
0.0,0.0,0.39858565
0.0,0.0,0.44325912
0.0,0.0,0.41805366
1067.0842,1956.8778,0.5572506
1092.0105,1956.6704,0.6572969
1092.4857,1959.6226,0.6714173
1101.1382,1987.3604,0.72484565
1096.8185,1990.808,0.6871148
1067.7129,1977.0435,0.5298547
0.0,0.0,0.47953877
0.0,0.0,0.4165726
1007.04987,1963.238,0.61270064
1060.9823,1939.0112,0.53396946
1062.3927,1957.1166,0.5418345
1085.0676,1972.3359,0.6709992
1082.2378,1971.4706,0.67742383
1075.9543,1996.1013,0.7346585
1077.8704,1987.7714,0.62639713
1059.9247,1978.2524,0.56769085
1056.5328,1948.5626,0.56515396
1059.8784,1949.1573,0.5674179
1058.992,1936.3994,0.58611643
1057.9683,1944.0522,0.5328323
1053.9037,1969.9076,0.579406
1080.4368,1956.3138,0.6732396
1079.89,1956.6134,0.6656381
1082.244,1966.5238,0.7117647
1068.0898,1966.6124,0.6568254
1058.154,1950.5706,0.5826109
1070.3909,1916.2605,0.5843327
1070.6301,1917.5073,0.5843571
1070.6328,1907.5359,0.54812896
1064.5896,1936.7582,0.5078435
1059.1948,1972.856,0.61387295
1095.4214,1970.9631,0.74999034
1094.1649,1968.7262,0.7423924
1094.021,1960.3575,0.7815185
1087.2178,1964.9692,0.6149444
1071.6888,1921.9956,0.581086
0.0,0.0,0.4154888
1055.1725,1902.4541,0.5270936
1064.1597,1888.504,0.65813226
1061.9642,1912.6501,0.5480425
1082.229,1930.942,0.7086425
1087.4847,1953.2593,0.7188767
1086.7704,1953.3862,0.7217451
1091.1919,1954.3672,0.68879795
1075.5161,1943.8438,0.62397736
0.0,0.0,0.46155515
0.0,0.0,0.45756677
0.0,0.0,0.4318737
1060.8376,1905.5039,0.6088014
1066.3436,1932.5599,0.6516827
1090.4711,1946.569,0.6946791
1085.6829,1957.5846,0.7670698
1089.563,1955.7173,0.7594252
1079.8208,1952.8445,0.68410355
0.0,0.0,0.4778627
1058.7578,1890.9661,0.6538597
1057.3218,1864.5509,0.6654166
1059.1525,1863.2158,0.6804722
1061.3024,1853.5756,0.7179538
1077.4698,1882.273,0.738407
1076.826,1899.833,0.73449314
1079.0596,1933.2004,0.73620814
1079.2319,1933.1598,0.73871136
1078.1521,1936.2448,0.67671585
1071.7335,1915.9131,0.66263795
1055.4049,1879.7241,0.60413
1059.0778,1870.9526,0.6870418
1059.5107,1870.2327,0.6883911
1068.4949,1876.8215,0.69497055
1088.6604,1920.0022,0.74082965
1100.7507,1931.4282,0.73233277
1113.877,1947.2893,0.7742537
1110.6443,1943.3835,0.75836945
1110.2236,1953.8323,0.7458402
1092.6404,1918.6252,0.5806695
1090.9155,1880.5059,0.703989
1092.5951,1862.1536,0.7517482
1092.4878,1860.5958,0.7528317
1089.0875,1848.5427,0.7462815
1106.4838,1876.4491,0.7986282
1122.958,1896.7324,0.8460282
1112.6433,1913.8872,0.7692833
1112.525,1913.9264,0.7761711
1102.5033,1913.8762,0.75295573
1098.4764,1896.9294,0.7060963
1087.4362,1855.2821,0.7710032
1086.021,1845.8936,0.7650374
1086.4147,1845.3623,0.76743394
1087.7554,1848.9314,0.8077863
1087.7751,1864.4235,0.8353941
1084.7788,1858.9905,0.80245304
1081.0881,1854.8269,0.7957288
1081.1238,1854.9392,0.79721314
1063.5513,1837.8629,0.7691309
1051.1501,1787.0255,0.8202031
1044.8231,1755.0369,0.8314484
1043.4556,1754.9374,0.83768404
1044.94,1756.1675,0.83306175
1042.6357,1767.5979,0.850348
1051.9148,1799.9227,0.82770246
1059.877,1832.2319,0.8245482
1059.0469,1846.8135,0.8199347
1058.4685,1846.9655,0.8196634
1051.4531,1842.5718,0.78974503
1047.0048,1825.7329,0.76131415
1044.7053,1811.5779,0.78064525
1047.1262,1816.5027,0.7936451
1047.4382,1814.3772,0.7958463
1059.8164,1829.6516,0.8059092
1056.9764,1849.5049,0.79524946
1060.3098,1875.2336,0.8002146
1048.2671,1873.0442,0.7819621
1047.9829,1874.2468,0.7824223
1050.2305,1858.897,0.8013511
1036.4843,1815.3391,0.7917781
1032.7013,1807.7935,0.80122983
1036.9355,1809.4766,0.8031542
1037.1272,1809.5299,0.80403084
1065.3588,1839.5342,0.8403454
1075.6287,1854.158,0.81906503
1079.098,1870.789,0.81521225
1075.5107,1864.9165,0.80353755
1074.7533,1866.672,0.8058433
1071.4453,1860.4135,0.8051839
1063.7368,1821.5775,0.75080085
1065.7032,1819.6058,0.7993898
1068.2495,1823.7462,0.79400855
1068.9989,1824.416,0.7958919
1078.6614,1862.2255,0.80156815
1091.8098,1884.6809,0.8067403
1087.1384,1912.45,0.78276825
1087.9742,1913.8137,0.83430773
1088.1017,1913.3727,0.8321685
1064.2618,1904.7502,0.6392615
1049.4668,1893.4666,0.6309597
1052.7444,1902.5496,0.67970794
1061.0042,1925.1229,0.7591413
1059.5466,1923.6362,0.75211674
1064.7494,1952.684,0.74093646
1055.818,1978.2461,0.7388038
1057.5923,1964.6111,0.70596117
1049.5574,1933.6067,0.53632337
1052.056,1930.5945,0.55531144
1054.3926,1877.6726,0.6281431
1061.5404,1847.1101,0.62001735
1074.3557,1850.8689,0.63023794
1079.1201,1862.9084,0.661618
1079.5717,1863.189,0.66682136
1122.9957,1883.6909,0.8148676
1132.482,1919.6018,0.82786953
1127.2351,1935.1172,0.78572613
1121.5791,1927.0598,0.7426609
1121.1826,1925.6509,0.72435355
1105.0688,1912.4026,0.51146954
0.0,0.0,0.42883182
1085.6182,1878.7305,0.53976774
1102.9192,1895.8279,0.6749005
1104.6147,1885.9475,0.641937
1111.7825,1927.1133,0.69810903
1111.1704,1983.9546,0.669508
1114.6023,1997.1599,0.66662395
1121.7893,2004.7244,0.6091346
1122.182,2001.0154,0.5926119
0.0,0.0,0.4979938
1067.9913,1921.3088,0.5225168
0.0,0.0,0.26544818
0.0,0.0,0.32877082
0.0,0.0,0.34463155
1092.4722,1887.3706,0.5406267
1110.1985,1932.7863,0.7066795
1134.688,1949.0381,0.80245715
1116.1272,1952.6729,0.71674836
1121.9028,1957.9375,0.7831997
1101.2944,1946.8284,0.5840805
0.0,0.0,0.27036026
0.0,0.0,0.3232159
1061.8108,1874.9268,0.5477086
1062.657,1873.6313,0.51876384
1081.145,1888.6543,0.5895383
1110.2495,1920.3672,0.6842122
1106.3009,1964.0342,0.75969034
1103.8385,1959.9781,0.72859263
1105.3569,1960.2488,0.74405867
1094.0701,1946.5741,0.51464033
1067.3646,1913.1222,0.5035391
0.0,0.0,0.4909451
1071.9662,1862.5701,0.5869279
1073.8467,1861.7578,0.5848754
1070.2507,1873.8618,0.5920903
1097.3601,1909.1133,0.6964206
1113.9438,1947.438,0.7528227
1122.5334,1957.351,0.79048693
1122.0461,1957.0295,0.7948649
1111.6965,1959.425,0.7594301
1088.9314,1943.7521,0.570354
1077.9326,1893.769,0.5528447
1082.3615,1864.4028,0.5709282
1081.827,1862.7905,0.5644929
1078.1592,1868.1765,0.6215904
1097.7908,1873.2433,0.7134194
1114.8654,1898.2683,0.7460967
1116.7354,1916.0315,0.7409343
1117.2925,1914.8837,0.7434314
1108.0466,1921.0155,0.714866
1100.6697,1902.7339,0.6230674
1094.495,1881.5552,0.58085084
1103.9037,1875.4197,0.67674613
1102.7695,1873.8926,0.65741134
1110.294,1881.8196,0.6854717
1123.0529,1892.3271,0.71666044
1134.7188,1895.0585,0.75546306
1124.8114,1891.9512,0.7289339
1123.9595,1893.1414,0.7408993
1107.6566,1869.0469,0.6806364
1100.1685,1837.4551,0.6933784
1106.7689,1810.5461,0.73802173
1127.7595,1812.3904,0.79664105
1111.0017,1811.8118,0.75477
1122.127,1815.8071,0.7717044
1139.0815,1833.193,0.78568935
1140.048,1853.3049,0.80279064
1130.9978,1857.5555,0.78211373
1129.8542,1858.2169,0.78316486
1110.0406,1842.8535,0.72924596
1099.9009,1820.6125,0.71945775
1099.9329,1810.2717,0.738389
1110.2932,1820.0369,0.7680526
1102.3625,1812.7152,0.7663357
1115.3538,1831.5608,0.8085643
1113.4193,1846.5198,0.7885208
1110.1821,1856.1194,0.79644567
1110.206,1856.6356,0.79544795
1102.0718,1854.5305,0.79122865
1093.8989,1856.9019,0.76169485
1076.1375,1845.5013,0.7436443
1084.9124,1858.656,0.7824655
1084.3147,1859.2496,0.7805167
1085.9724,1869.1958,0.82444036
1075.1759,1884.8412,0.77796924
1076.5667,1892.4122,0.76473594
1069.512,1891.5754,0.7190417
1076.9622,1899.9877,0.77080655
1073.5815,1898.3463,0.71702904
1074.3652,1911.2523,0.7488682
1073.2678,1945.9354,0.7477736
1073.3978,1943.774,0.72145206
1074.22,1942.9285,0.7151567
1078.5312,1946.3005,0.71281487
1074.7477,1945.7483,0.65788245
1075.1226,1944.0979,0.6274935
1070.6848,1942.6602,0.6364536
1070.8546,1942.3599,0.63235575
1065.1646,1943.9089,0.64109766
1076.2546,1950.2135,0.72066605
1078.403,1952.874,0.72039294
1068.3203,1948.942,0.6903205
1067.1191,1948.5568,0.6921488
1059.4857,1913.8425,0.54456246
1052.245,1882.8878,0.63841194
1052.5908,1876.0576,0.6863705
1068.998,1884.3799,0.77737576
1068.7738,1885.0896,0.7834871
1068.0776,1885.4038,0.80052006
1066.8821,1905.468,0.79955393
1064.5896,1903.6182,0.7852128
1062.5739,1898.7543,0.7285147
1062.6561,1897.6794,0.74576336
1053.542,1881.648,0.6822478
1051.857,1884.1533,0.74050707
1057.7375,1911.1143,0.77969855
1072.6453,1940.9945,0.80491877
1074.2941,1939.6263,0.8046881
1072.804,1946.147,0.75742984
1071.6035,1952.6635,0.7425173
1069.5907,1959.5358,0.6416821
1062.0747,1921.6864,0.69674754
1062.5869,1922.2848,0.6703906
1064.9786,1912.804,0.7509724
1074.2015,1931.982,0.67721015
1071.6976,1971.3691,0.73486954
1085.8723,1999.5664,0.8444034
1084.8895,1999.2788,0.83821636
1080.7134,2010.8088,0.81650513
1047.612,2005.3137,0.5991699
0.0,0.0,0.3333918
1047.2825,1944.6125,0.5622019
1044.7079,1948.8204,0.54422164
1054.6431,1951.874,0.6367838
1065.133,1968.6543,0.7122788
1071.53,1974.7269,0.7394061
1063.1523,1962.8679,0.7588584
1064.2332,1961.8905,0.7549154
0.0,0.0,0.49058908
0.0,0.0,0.43681207
1037.3646,1917.1589,0.61280197
1043.8486,1931.982,0.62023836
1038.8751,1937.1975,0.5958698
1047.9285,1958.5763,0.7047333
1060.7596,1982.0343,0.7115336
1056.5526,1989.7046,0.72265196
1040.9141,2000.1094,0.59656525
1047.3607,1984.0844,0.66041404
1033.333,1971.4464,0.53099775
1039.918,1953.1824,0.6571114
1047.154,1954.9392,0.6563792
1057.4836,1972.0466,0.7052123
1055.4862,1974.0981,0.69486016
1061.6423,1994.7623,0.6892496
1062.8567,2010.1908,0.69868755
1066.9808,1988.3265,0.64492947
0.0,0.0,0.40349284
0.0,0.0,0.4694426
0.0,0.0,0.43975547
1077.0521,1981.5942,0.62634534
1072.6179,2050.9106,0.53155786
0.0,0.0,0.39484906
1066.8827,2095.7637,0.5864329
0.0,0.0,0.34725863
0.0,0.0,0.032485258
0.0,0.0,0.07566375
0.0,0.0,0.34750813
0.0,0.0,0.36257088
0.0,0.0,0.30195767
0.0,0.0,0.31691194
0.0,0.0,0.42615876
1028.6572,2067.899,0.66661686
1022.9903,2060.5176,0.575585
0.0,0.0,0.43644848
0.0,0.0,0.29451916
0.0,0.0,0.44186202
0.0,0.0,0.4135631
0.0,0.0,0.28101066
0.0,0.0,0.3214321
1043.1376,2028.6333,0.5484027
1057.5642,2037.4707,0.7626458
1073.1259,2050.6787,0.5978042
0.0,0.0,0.058248315
0.0,0.0,0.39803
0.0,0.0,0.4633483
0.0,0.0,0.38619024
0.0,0.0,0.4156387
0.0,0.0,0.375144
0.0,0.0,0.058699116
0.0,0.0,0.021873951
0.0,0.0,0.03189382
0.0,0.0,0.05995453
0.0,0.0,0.06740215
0.0,0.0,0.036565278
0.0,0.0,0.063750416
0.0,0.0,0.05608713
0.0,0.0,0.1829804
0.0,0.0,0.2119126
0.0,0.0,0.21301986
1036.2568,2088.626,0.5164609
0.0,0.0,0.35658115
0.0,0.0,0.15359826
0.0,0.0,0.14751773
0.0,0.0,0.17896348
986.1527,1995.5116,0.5072241
0.0,0.0,0.25587296
1010.68225,2035.3462,0.5897227
1012.6928,2027.2285,0.537563
1043.8339,2039.2885,0.62246746
1031.4935,2067.928,0.5883299
0.0,0.0,0.45576924
0.0,0.0,0.44972727
0.0,0.0,0.36580294
0.0,0.0,0.32302928
0.0,0.0,0.2636623
1022.6654,2012.8425,0.5438304
0.0,0.0,0.4598608
0.0,0.0,0.4699227
0.0,0.0,0.4444959
0.0,0.0,0.42674187
0.0,0.0,0.4732844
0.0,0.0,0.40889513
0.0,0.0,0.45510438
0.0,0.0,0.3254253
0.0,0.0,0.33536607
1014.37994,2011.4308,0.5628156
1047.4836,1983.312,0.660901
1044.5537,1987.085,0.6578604
1050.0432,1975.6934,0.52184975
0.0,0.0,0.38477814
0.0,0.0,0.46458757
0.0,0.0,0.37637144
0.0,0.0,0.40988147
0.0,0.0,0.46575278
1052.2328,1970.3492,0.588351
1060.6473,1992.573,0.57641625
0.0,0.0,0.3728753
0.0,0.0,0.39424783
0.0,0.0,0.41984487
1052.4755,1882.4558,0.64347774
1055.8091,1883.5015,0.6512214
1064.3516,1912.6038,0.68583924
1066.5941,1912.1272,0.6869994
