920.31934,2106.0525,0.9912349
932.27106,2107.5405,0.9908941
937.20276,2104.4998,0.99117076
937.547,2119.0205,0.9906109
939.18726,2121.5918,0.9901883
931.0556,2124.795,0.98916584
926.7883,2138.796,0.9872062
931.5529,2136.3318,0.9879759
938.49023,2133.06,0.98927313
939.5623,2132.6829,0.98937374
949.951,2117.381,0.99116254
952.7063,2107.3308,0.99213386
956.06116,2134.686,0.9906172
963.43066,2129.3389,0.990515
962.16705,2129.6333,0.99066937
965.8087,2130.9148,0.9902968
962.3269,2112.59,0.99163294
954.0694,2111.986,0.9904142
964.16986,2129.893,0.99023294
962.64233,2129.5066,0.9902564
939.1514,2127.6667,0.9862109
936.48395,2136.3364,0.9855274
940.5194,2138.8252,0.98713326
946.873,2129.1675,0.9890754
944.86615,2126.8933,0.9890141
953.8606,2120.7212,0.99090475
964.4152,2139.2256,0.99086326
958.01855,2116.8018,0.99200565
967.24475,2136.9321,0.9902164
968.71344,2133.3542,0.99016845
976.11896,2133.661,0.9894748
961.91565,2113.6985,0.9902884
974.2335,2143.826,0.98939425
950.39233,2144.654,0.98358613
951.08295,2145.1719,0.9849513
957.8128,2143.4172,0.9853829,0.0,0.0,0.18439968
948.48145,2137.0437,0.988374,0.0,0.0,0.22569446
950.09656,2131.3633,0.98911613
961.5247,2140.0405,0.9891304
961.103,2143.7747,0.98901796
967.9519,2130.9692,0.9889381
967.1223,2136.3704,0.98828644
968.17773,2131.3984,0.98834944
971.5502,2134.3643,0.98794925
971.1773,2135.0454,0.98814815
968.5563,2135.857,0.9883283
969.29236,2136.6777,0.9888086
953.0657,2140.7256,0.9879451,0.0,0.0,0.24106772
949.3502,2142.8853,0.9875667
946.34705,2140.9521,0.98791367
945.4041,2139.537,0.988345,0.0,0.0,0.21162333
946.5867,2140.5469,0.987151,0.0,0.0,0.20803156
967.19226,2140.8506,0.9868067
966.45496,2140.3445,0.9872192
965.1892,2140.497,0.98690933
966.9004,2137.3875,0.98750556
967.37573,2138.124,0.9877769
968.36975,2137.23,0.98780817
974.28674,2138.1975,0.9876502
972.85425,2137.0552,0.98769903
972.2822,2132.0955,0.988231
964.614,2139.3452,0.98909867,0.0,0.0,0.23692822
971.99475,2146.0847,0.9904502,0.0,0.0,0.1902038
950.89874,2141.4514,0.9871292,0.0,0.0,0.1920255
951.62494,2140.978,0.9874444,0.0,0.0,0.18862163
949.9248,2136.9468,0.988497,0.0,0.0,0.24200714
946.46094,2132.1262,0.9891957
960.65063,2136.129,0.9884741
962.3402,2133.9258,0.98898435
962.3963,2135.3064,0.98893285
959.84375,2144.8745,0.9892692
958.31995,2144.0442,0.9890547
961.2467,2139.1199,0.9885229
971.18353,2132.4404,0.9880179
969.10364,2132.1802,0.9876518
970.7463,2138.2717,0.98880464
958.49207,2126.5415,0.9900927
946.90594,2141.9116,0.98880076
945.9575,2144.8318,0.98769826,0.0,0.0,0.23031034
945.1787,2143.1318,0.9875021
946.4453,2138.1797,0.9882059
946.2694,2150.7124,0.98762554
964.75085,2146.1853,0.98665583
963.0357,2142.026,0.9881738
964.853,2145.526,0.9880596
962.19617,2146.7979,0.98779386
968.56934,2143.856,0.98787177
971.6186,2144.0542,0.9877666
971.0477,2142.5413,0.9877214
972.4631,2140.0254,0.98803896
975.4484,2138.8853,0.98713094
970.4808,2142.3599,0.98944014
957.06055,2141.7883,0.9883454
945.3827,2144.0286,0.9879772
948.1793,2144.7412,0.9879171
944.0514,2150.9058,0.9883852,0.0,0.0,0.22673409
943.2442,2138.0676,0.98938555
953.3212,2127.954,0.9913504
958.65234,2138.2197,0.98974144
958.2695,2138.7915,0.9897726
961.76697,2143.0752,0.98903733
967.2693,2142.703,0.98950255
974.7409,2137.2944,0.9890399
976.71204,2137.1816,0.9893834
976.4965,2135.8516,0.9894118
977.41077,2138.521,0.9897731
970.56934,2144.4834,0.99056214
956.9133,2141.3608,0.9887977,0.0,0.0,0.2038911
956.37866,2143.022,0.9878669,0.0,0.0,0.21462852
956.2326,2143.5303,0.9879551,0.0,0.0,0.2143426
952.8264,2136.4224,0.9882621,0.0,0.0,0.22624898
944.99817,2140.8838,0.9892123
962.71655,2139.7437,0.9891734
965.83777,2138.0022,0.99004805
966.3981,2140.647,0.98967427
963.24866,2147.9146,0.988868
968.44116,2139.201,0.98917097
969.10016,2149.9727,0.98893064
973.7457,2148.0974,0.988932
978.6462,2146.351,0.98956937
978.68665,2139.5957,0.9885055
975.324,2149.5547,0.9891856
972.332,2145.832,0.9877192,0.0,0.0,0.23602256
970.8737,2150.0579,0.9881024
968.909,2149.2598,0.9876989
965.1806,2153.5164,0.9879265,0.0,0.0,0.2740331
960.58484,2146.1382,0.9884942
967.1752,2135.7368,0.99009776
973.12115,2143.752,0.98917145
971.02716,2146.6252,0.9895084
971.8279,2141.3223,0.9888892
971.5753,2140.6946,0.98962444
978.7136,2142.8872,0.989899
983.2467,2142.6436,0.9895111
983.14435,2138.838,0.98972803
983.9143,2132.7769,0.9896757
972.98303,2135.566,0.9893694
968.37286,2137.4878,0.9891704
960.09595,2144.211,0.9885888,0.0,0.0,0.20476326
959.56165,2144.012,0.98868644,0.0,0.0,0.19448413
952.96564,2148.2434,0.9880006,0.0,0.0,0.21926546
957.96387,2139.085,0.9888504
968.0016,2130.2131,0.9909184
970.9583,2129.8218,0.99088556
973.85266,2133.4155,0.98992175
974.8656,2135.9922,0.9897586
975.7,2136.5774,0.98982155
977.3684,2139.0771,0.99018425
980.376,2138.7944,0.99005765
980.1267,2137.3044,0.9899366
983.4259,2139.7244,0.988494
964.093,2141.2388,0.98806286
963.42773,2144.6484,0.98685676
968.05396,2150.3223,0.986876
968.2783,2151.3608,0.9867671,0.0,0.0,0.2594241
962.1997,2144.4226,0.98817074
968.59827,2142.272,0.98908174
968.8978,2126.6597,0.990855
967.4121,2138.871,0.9905725
969.77637,2133.8186,0.99032426
967.1073,2137.549,0.99008816
962.5198,2143.0122,0.98945236
963.4557,2144.8396,0.9898032
968.10406,2142.808,0.9902171
967.8199,2144.3435,0.9902699
967.6104,2126.418,0.9913482
960.615,2134.1333,0.9901815
957.2979,2152.54,0.98797977,0.0,0.0,0.23277408
947.4688,2148.2178,0.9881593,0.0,0.0,0.19707702
947.20166,2148.6494,0.98806727,0.0,0.0,0.1857243
952.474,2146.7278,0.9881615,0.0,0.0,0.25924134
959.1484,2134.19,0.98916143
958.39655,2133.787,0.990003
953.6283,2139.9517,0.99004096
953.1299,2138.3213,0.9899905
947.9189,2134.554,0.99003744
951.3904,2133.7695,0.9898307
957.7934,2138.5874,0.99004656
963.8029,2133.4656,0.9901183
962.26154,2134.4194,0.9903132
964.80164,2130.1084,0.99052984
954.6699,2129.9072,0.989999
948.8157,2149.891,0.98699343
946.4881,2158.7695,0.985992,0.0,0.0,0.23611064
954.4512,2153.6848,0.9916534,0.0,0.0,0.21975234
947.00665,2151.8445,0.98752034,0.0,0.0,0.22715291
956.3877,2138.4585,0.9896938
964.6518,2129.0073,0.9907206
964.5207,2130.5718,0.99002355
963.90344,2133.4136,0.9899464
963.7982,2136.248,0.98974204
961.76794,2135.2344,0.9896237
965.67645,2135.7166,0.9900131
970.12317,2132.4116,0.98991674
968.0006,2133.4277,0.99016666
966.752,2125.221,0.99116933
961.20996,2131.9727,0.99045104
953.7182,2142.1184,0.98882943
951.8423,2146.6262,0.9880485,0.0,0.0,0.22277558
950.3323,2146.8496,0.9881164,0.0,0.0,0.219855
956.389,2140.1465,0.98910695,0.0,0.0,0.19486123
964.6575,2129.5908,0.9896661
964.73376,2129.9438,0.9908886
968.31354,2140.771,0.99110764
967.4231,2142.7192,0.9907935
963.64136,2138.0244,0.99118805
965.1566,2137.8745,0.99098104
964.54486,2138.0796,0.99112916
966.52893,2140.7573,0.99053043
966.3512,2138.6428,0.9905923
963.21204,2127.6465,0.9910453
963.12256,2144.626,0.991293
954.6515,2148.5017,0.9873793
955.7113,2159.7754,0.9871328
956.16046,2158.5583,0.98723096
949.98425,2147.0981,0.9877115,0.0,0.0,0.26378992
957.5713,2134.2256,0.9895806
965.96136,2129.9604,0.9909524
967.9312,2136.1094,0.99028945
966.28674,2133.8315,0.99037
963.27673,2139.906,0.9908601
967.5038,2137.9985,0.9907362
967.94934,2132.8218,0.9904881
968.1858,2133.101,0.9904467
969.50586,2124.9453,0.99149066
963.4363,2131.1882,0.990533
961.6549,2146.4907,0.99027705
953.1046,2154.4492,0.9865941,0.0,0.0,0.2652257
954.6222,2157.1367,0.9853291
953.3887,2153.5598,0.9874669,0.0,0.0,0.28471294
950.3341,2148.4226,0.9875574,0.0,0.0,0.27519903
958.2603,2139.3054,0.9889703
966.1135,2129.9734,0.9911766
965.8606,2129.5747,0.99095964
965.75006,2141.7202,0.99022853
962.1798,2134.712,0.99099344
963.3565,2139.7407,0.9906984
966.0606,2140.942,0.9904332
966.79834,2139.4954,0.9904755
964.17316,2140.3562,0.99043113
965.2729,2129.374,0.9900495
958.84705,2139.1902,0.9898583
951.49963,2148.9795,0.9869717
951.51587,2149.251,0.9870548
951.544,2153.0571,0.9866259,0.0,0.0,0.22402354
951.12946,2144.2385,0.9889048,0.0,0.0,0.25458682
960.3629,2137.507,0.9899418
964.6094,2129.8477,0.99160343
964.4009,2130.4744,0.99161655
964.2532,2136.4663,0.99097157
960.0248,2135.0737,0.99104965
963.09766,2135.5415,0.99099183
967.187,2140.7468,0.990606
965.61896,2141.3413,0.99073374
964.53735,2137.1257,0.99073154
963.69745,2130.833,0.990445
962.4545,2145.9102,0.9891818
949.63275,2150.6155,0.9871732
952.94226,2152.0098,0.9868352,0.0,0.0,0.2727752
947.6273,2156.979,0.9852223,0.0,0.0,0.24000366
951.6786,2147.3813,0.9888181,0.0,0.0,0.2800525
956.59973,2148.1748,0.9884735
967.0446,2132.817,0.9902304
965.04236,2136.4756,0.9901372
960.5503,2143.4126,0.9910802
960.8381,2142.5369,0.99109334
961.88806,2140.5813,0.9906206
964.2803,2136.754,0.9906832
964.2599,2135.9717,0.990717
967.5137,2124.0261,0.9913591
965.6212,2134.0435,0.99085766
957.34204,2145.979,0.98876244
957.19653,2150.9905,0.98837787,0.0,0.0,0.25055194
957.6398,2149.1743,0.9885485,0.0,0.0,0.23439893
956.50085,2151.751,0.9883122,0.0,0.0,0.25066832
959.90643,2148.6567,0.988951
967.433,2144.1172,0.9905261
969.1031,2148.3599,0.9900926
967.4873,2150.4565,0.98988706
965.7618,2149.5154,0.9900989
965.47815,2143.8376,0.99032974
966.6553,2145.8252,0.99032754
967.5747,2148.0742,0.98955685
966.25903,2147.6338,0.9896624
972.13055,2145.2627,0.9894545
968.92566,2146.3865,0.98962325
963.56604,2141.7607,0.9880355
961.84735,2159.0972,0.98533416,0.0,0.0,0.22984912
961.6635,2152.6929,0.98581076,0.0,0.0,0.23906334
961.6178,2150.81,0.98742115,0.0,0.0,0.22126581
963.494,2140.892,0.98844635,0.0,0.0,0.25418928
974.4853,2137.1584,0.98866445
974.75116,2140.8447,0.98986804
974.4916,2143.9473,0.9899194
969.0068,2143.2483,0.990524
967.03503,2137.5269,0.99028945
969.2728,2138.1113,0.9905946
968.05975,2138.658,0.99065185
969.5451,2139.9556,0.99043053
965.09784,2142.7876,0.99073666
964.12775,2145.9016,0.9876556
961.9501,2151.8403,0.98801106
954.17664,2158.5737,0.98724526,0.0,0.0,0.2328994
954.2902,2155.2588,0.98721236,0.0,0.0,0.22513683
957.3964,2148.3164,0.988206,0.0,0.0,0.23550704
962.7504,2139.5845,0.9884418
965.2297,2146.0613,0.9904635
965.60724,2143.1355,0.9899922
965.79254,2143.6543,0.99007493
963.3272,2142.2346,0.9901574
962.3269,2139.2927,0.99012285
965.6638,2138.7905,0.990408
965.5377,2143.5623,0.99014497
965.298,2144.8984,0.9897698
967.42346,2144.7688,0.98940253
966.4147,2139.1697,0.9897115
962.8751,2146.408,0.9871847,0.0,0.0,0.2271982
958.8063,2151.0142,0.98631686,0.0,0.0,0.21663038
960.3196,2151.2227,0.9865414,0.0,0.0,0.21915995
960.2115,2153.0,0.9870408,0.0,0.0,0.21670994
967.02246,2142.166,0.98810405
970.2207,2142.5693,0.9881378
969.30505,2138.7698,0.989876
968.78674,2137.2798,0.98977774
975.3872,2137.4426,0.99020827
973.9197,2135.521,0.99009424
973.72656,2130.2378,0.99032974
971.42377,2142.5854,0.99038297
970.81384,2144.6655,0.9903493
967.42566,2139.0989,0.9892265
962.9208,2149.527,0.9892029
963.03613,2159.4526,0.9876721,0.0,0.0,0.23073937
960.5759,2159.6157,0.9864325,0.0,0.0,0.25485247
958.7384,2157.7847,0.98652273,0.0,0.0,0.24680495
957.12085,2150.1792,0.98774326,0.0,0.0,0.23241086
959.2136,2143.858,0.98867655
970.01935,2146.243,0.9884792
971.3476,2146.3105,0.9903548
972.13586,2146.586,0.99035853
970.4298,2145.2969,0.990058
969.2305,2144.267,0.9902997
969.299,2145.7065,0.99031466
969.42316,2142.5432,0.99058074
969.6699,2144.9534,0.9904373
971.35785,2137.5771,0.99046725
965.50415,2141.569,0.9899699
958.64044,2153.671,0.98669726
962.3512,2153.0298,0.98625296
964.18286,2149.9814,0.9863586
955.1681,2149.9167,0.98716265,0.0,0.0,0.21171297
960.928,2140.4817,0.989026
971.6025,2132.0488,0.9897301
972.687,2142.8809,0.9900919
969.9981,2142.4666,0.98999316
969.6436,2138.3394,0.98991466
966.9692,2138.538,0.9901849
966.00714,2140.1646,0.99031913
967.18726,2140.6135,0.9898459
967.3772,2140.936,0.9900973
964.042,2139.8254,0.9897848
960.28125,2137.4478,0.98889893
953.00464,2145.2144,0.9880554
952.92163,2145.984,0.9876304
950.8264,2146.316,0.98747545,0.0,0.0,0.24404553
953.1626,2143.0015,0.9882931,0.0,0.0,0.25096872
961.09406,2137.8687,0.9886846
967.6648,2131.5542,0.9897838
965.872,2139.906,0.9899507
968.0722,2141.5156,0.9902126
962.14685,2133.5847,0.99020714
960.1421,2130.069,0.99074674
962.5327,2139.455,0.99026614
963.9592,2139.7068,0.9896938
961.96606,2138.8135,0.98974484
962.891,2141.5178,0.98974293
963.8635,2131.2373,0.98904115
964.36,2152.5007,0.9854879
959.66766,2154.997,0.98442507
958.8468,2155.0757,0.9843737
965.6334,2151.4375,0.98557276
975.1288,2143.7292,0.987186
973.186,2143.2324,0.98789793
975.5231,2146.5818,0.98853815
974.09143,2145.64,0.9881263
976.1749,2138.582,0.9886901
973.34454,2141.1821,0.9892763
973.9575,2140.5317,0.98876333
973.4656,2144.6213,0.989127
972.59314,2143.615,0.9890998
980.88135,2148.5605,0.98825735
976.2625,2144.1863,0.98784477
967.95886,2155.8696,0.9856017
963.3988,2155.2505,0.9857573,0.0,0.0,0.23846757
964.94714,2156.1172,0.98509836,0.0,0.0,0.2391976
966.3899,2149.6597,0.9861276
967.6654,2141.2393,0.9881053
966.7023,2141.3755,0.98819983
967.3804,2143.7378,0.9890526
967.2838,2140.7515,0.98942345
967.6649,2141.0327,0.9897842
968.41296,2138.806,0.9897368
961.82275,2141.7998,0.9901603
963.3179,2137.4846,0.9902456
963.68463,2140.793,0.98973376
965.5479,2136.88,0.9889719
962.6061,2150.042,0.9883786
957.74414,2159.3115,0.9864405
953.95935,2161.3853,0.9864456,0.0,0.0,0.23166975
950.4575,2154.4214,0.9860643,0.0,0.0,0.28290287
946.5269,2149.612,0.9878528
958.825,2140.228,0.9873825
965.86926,2132.7192,0.989953
958.3943,2146.761,0.9908886
958.92535,2144.1587,0.99068755
951.5226,2142.7773,0.99044913
952.0884,2142.573,0.99001396
951.9044,2141.8828,0.99020255
951.6565,2139.774,0.9910467
952.86755,2139.8152,0.9909826
961.65326,2137.5835,0.9890175
951.16956,2145.8682,0.9871666
939.5094,2155.8027,0.9854542,0.0,0.0,0.22912407
940.88617,2159.025,0.98561805,0.0,0.0,0.18527003
940.67285,2159.0686,0.98575497,0.0,0.0,0.19167976
946.94116,2152.495,0.98585236,0.0,0.0,0.21231371
958.7062,2148.3499,0.98778534
957.51245,2131.1782,0.98981184
948.39417,2143.2358,0.9910704
947.7585,2143.3716,0.99108785
943.52747,2149.0654,0.9911069
938.1385,2146.8076,0.9912937
939.06055,2145.4243,0.99114144
942.9861,2141.3284,0.9911582
943.0871,2142.2021,0.9911861
942.7458,2140.145,0.9915652
958.88086,2131.8035,0.9904517
951.8844,2148.8367,0.9882901
943.80817,2148.6938,0.9858767,0.0,0.0,0.22361268
943.53973,2147.9575,0.9857178,0.0,0.0,0.21582322
940.2096,2155.237,0.9848626
948.2417,2150.851,0.9877572
962.7332,2150.721,0.98734343
949.5465,2140.2827,0.9903386
949.13074,2142.0308,0.9901481
948.23126,2139.806,0.99077374
944.4216,2147.9492,0.9911212
946.57544,2144.3696,0.99099743
948.54846,2147.6047,0.9908981
949.71875,2147.4917,0.9908442
950.2802,2144.124,0.9912237
962.03467,2136.648,0.9893684
947.7541,2149.087,0.9878077
941.6526,2163.373,0.9863027,0.0,0.0,0.27670226
943.2837,2164.5532,0.98561645,0.0,0.0,0.2708359
938.6675,2173.0752,0.98522264,0.0,0.0,0.21131729
948.0606,2160.4507,0.9863615
956.89575,2149.0583,0.98791075
965.324,2142.5005,0.99027807
964.80634,2141.0698,0.9906371
961.0891,2131.0352,0.99180883
963.49023,2135.415,0.9913026
963.4887,2130.6824,0.9915958
962.2495,2126.8237,0.9916823
961.8013,2125.4653,0.9916318
957.232,2145.3662,0.9906454
958.7807,2140.6765,0.990433
952.99567,2158.8218,0.9880896
944.1576,2166.7263,0.9860578,0.0,0.0,0.23212868
945.9448,2160.361,0.9860394,0.0,0.0,0.24325614
942.44366,2156.7178,0.9853873,0.0,0.0,0.25208125
942.7306,2152.301,0.9875029,0.0,0.0,0.25044906
958.4336,2142.8887,0.98857456
959.3218,2143.5776,0.9883406
965.08875,2139.2246,0.9900475
953.41943,2146.88,0.9906132
953.004,2143.0618,0.99026793
946.1962,2144.1377,0.9902379
946.3621,2143.1694,0.99038357
947.5697,2150.4788,0.9904268
950.1539,2148.005,0.99046093
956.445,2123.8262,0.9915098
958.81946,2132.4502,0.9902587
958.0193,2133.0845,0.9901412
947.8984,2145.623,0.9880238
942.3422,2150.5332,0.9862497
942.5572,2155.2078,0.9853123
947.0638,2151.189,0.98660105
949.48517,2152.1396,0.9864889
958.2409,2142.1562,0.98761344
953.679,2147.7107,0.9903718
953.4253,2149.0503,0.9903983
946.2907,2150.0122,0.99040484
945.34094,2150.153,0.9903244
940.869,2147.517,0.99077505
945.61865,2152.5884,0.9905121
948.61194,2156.217,0.9908031
949.76697,2148.3696,0.99098504
952.4299,2146.8877,0.9910993
955.6245,2138.6838,0.9903532
943.0476,2147.9016,0.98744696
933.71063,2158.4714,0.98530376,0.0,0.0,0.23888873
933.14465,2157.2747,0.98685026,0.0,0.0,0.19560994
932.60364,2158.4893,0.98668087,0.0,0.0,0.19576344
942.6521,2155.101,0.98703647
959.5197,2151.5293,0.98762727
957.5114,2139.338,0.9906613
947.96045,2151.3174,0.9908958
947.5354,2150.8557,0.9907918
942.7033,2148.09,0.9907527
942.79724,2151.693,0.9907603
945.72144,2149.5942,0.9906024
950.9662,2150.6372,0.9909298
960.7216,2142.6318,0.9906527
959.3285,2138.9146,0.9909281
959.45966,2144.2908,0.98952955
941.7269,2144.5671,0.98814464
939.5222,2149.5156,0.9868286
940.04974,2147.6152,0.9873022
941.5607,2147.9895,0.9871415,0.0,0.0,0.23829019
954.4883,2151.0728,0.98741174
964.5335,2149.526,0.988384
964.12537,2146.2676,0.98870325
962.7931,2146.2446,0.988847
953.9061,2149.7456,0.9898671
952.87665,2145.5024,0.98979026
952.2724,2146.4866,0.99002355
948.70496,2147.1265,0.990431
951.0584,2146.3823,0.9904845
953.9936,2150.226,0.9891201
959.95593,2144.8977,0.988555
949.2521,2145.5605,0.9863332
942.6982,2150.633,0.9851953,0.0,0.0,0.22399913
945.9622,2151.688,0.98533404,0.0,0.0,0.22718662
944.4443,2151.4165,0.9865866,0.0,0.0,0.24025019
956.5392,2140.9578,0.9877752
962.6162,2131.7449,0.98949134
952.1787,2144.2166,0.990126
952.08636,2143.9033,0.9902692
952.81104,2138.9521,0.9903716
952.08344,2138.983,0.99014974
957.70514,2146.81,0.9898028
958.96454,2147.7954,0.9896315
959.8361,2148.7705,0.98959047
965.3313,2134.4397,0.9899092
967.058,2142.6711,0.9893215
955.19165,2157.6436,0.987583
950.32117,2157.4849,0.9855823,0.0,0.0,0.22297698
949.1633,2158.4524,0.9858436,0.0,0.0,0.20677413
951.7839,2152.4985,0.98666906,0.0,0.0,0.2332779
960.2737,2142.1646,0.9873713
963.5103,2144.3877,0.9888747
968.063,2140.0586,0.9902592
963.6676,2142.6025,0.9907224
967.49255,2139.4956,0.99161726
966.4353,2136.7573,0.99241686
968.6826,2143.146,0.9922579
973.4758,2142.9556,0.9919968
972.3097,2142.1035,0.99202687
971.4182,2142.6174,0.99100554
970.59924,2140.4226,0.9902892
969.2844,2154.865,0.98675203,0.0,0.0,0.22599554
995.687,2172.0183,0.9839579
995.9199,2174.168,0.9842253,0.0,0.0,0.2364678
981.3418,2159.554,0.9897445,0.0,0.0,0.23018101
978.2137,2150.239,0.98662126,0.0,0.0,0.24737768
971.3743,2144.785,0.9877428
981.72974,2139.6821,0.9899256
978.009,2140.1897,0.9899997
973.4277,2145.5503,0.9889392
972.7656,2138.9944,0.9885803
974.55414,2135.4746,0.9890211
978.08154,2134.7585,0.99089885
977.58234,2138.5469,0.99115074
963.0813,2142.3184,0.9891656
954.1969,2149.3389,0.9860687
944.3119,2155.8843,0.9850257
950.3659,2146.4226,0.98638946,0.0,0.0,0.23336399
950.0043,2145.7297,0.9863631,0.0,0.0,0.23945542
970.3203,2155.2344,0.9906634,0.0,0.0,0.23337795
958.6357,2144.0933,0.9881521
958.8362,2139.726,0.9895124
961.71204,2135.7415,0.99170226
961.0721,2137.2222,0.99133545
955.8545,2146.622,0.9904694
958.42017,2141.9248,0.9901394
953.60767,2145.2017,0.9898711
956.78815,2143.2046,0.98989993
962.2879,2139.1592,0.9909961
961.79565,2135.9285,0.9917734
957.0965,2139.509,0.9906261
948.78625,2149.2961,0.9876938
942.68317,2160.6072,0.9861951,0.0,0.0,0.2338908
942.0452,2159.0544,0.98614943,0.0,0.0,0.20975262
946.5751,2160.0352,0.9862962,0.0,0.0,0.23862492
950.3638,2151.8474,0.98775625
962.5208,2150.4937,0.98793846
968.4432,2139.5,0.99023086
968.8041,2142.1375,0.99039286
971.5076,2142.253,0.99142784
958.3638,2143.0356,0.98971915
959.3976,2146.8594,0.9906006
967.12335,2140.104,0.99148166
968.14874,2142.7434,0.99141747
963.4433,2140.3901,0.9909328
964.8452,2143.9438,0.9887267
960.04047,2150.3772,0.9891089
946.2856,2157.2937,0.98590565,0.0,0.0,0.26531404
946.3275,2158.6868,0.9859364,0.0,0.0,0.27077952
949.98944,2156.5344,0.9861523,0.0,0.0,0.2528445
951.0643,2158.3496,0.98666257
961.18964,2147.142,0.98833406
962.41296,2147.024,0.98879457
963.1848,2151.4019,0.988818
958.5553,2145.884,0.9893048
953.2718,2145.0923,0.98992026
953.577,2147.0999,0.9898499
952.2314,2151.625,0.99044925
951.7208,2150.6992,0.9903128
957.93445,2152.0745,0.9897995
964.94696,2144.1323,0.99016106
967.4911,2148.5515,0.9889564
957.0747,2153.1968,0.9875529
956.5941,2154.058,0.98752916
947.97876,2160.623,0.985261
953.7495,2150.426,0.98731494,0.0,0.0,0.28959113
966.8143,2148.6655,0.98859406
976.9237,2141.0105,0.9882528
973.918,2139.2173,0.98864263
967.46136,2144.939,0.9895921
963.1503,2141.5105,0.9896488
961.29364,2150.1792,0.98994946
962.2594,2147.542,0.98979366
963.4769,2148.833,0.98979807
960.5396,2148.8604,0.9890592
973.15735,2139.734,0.99001676
971.5403,2141.5857,0.98881906
965.771,2143.3147,0.98708576
962.959,2142.9429,0.98739773
953.6089,2151.3235,0.9858007,0.0,0.0,0.2446623
955.48773,2155.537,0.9866366,0.0,0.0,0.2846082
962.0777,2144.8408,0.98843235
963.4433,2136.8044,0.98956394
963.73444,2138.6826,0.9893282
960.09247,2149.2083,0.9902367
958.2334,2148.4297,0.98993903
955.59985,2146.84,0.98978186
954.0857,2149.7678,0.99033445
954.41144,2147.309,0.9903522
952.20465,2146.6245,0.9902187
954.2506,2147.5999,0.9899216
971.2717,2149.0918,0.98966426
963.87427,2146.1533,0.98866767
964.74414,2146.7568,0.9884412
963.0339,2139.718,0.9860364
953.72144,2144.4563,0.9848451
954.9193,2141.5898,0.986864,0.0,0.0,0.24475975
962.0927,2145.159,0.98733854
960.6161,2145.0522,0.98741376
955.0209,2146.7983,0.9893562
953.17664,2144.9414,0.9904495
950.44946,2143.7405,0.98982555
946.8781,2145.8408,0.990063
947.70056,2146.3574,0.99016577
950.30334,2152.9136,0.9899301
954.6451,2150.9023,0.9898825
966.04193,2139.229,0.9884095
965.50757,2148.9233,0.98822534
963.89966,2149.4172,0.9878906
957.3241,2143.705,0.98640627
948.21497,2144.7852,0.9859453
953.2953,2139.3584,0.98653734,0.0,0.0,0.23738353
966.7333,2141.9028,0.9884171
967.6833,2136.249,0.98767054
956.79126,2138.4136,0.9905199
957.1293,2143.0044,0.9907584
953.97034,2141.9805,0.9908076
958.25903,2142.6204,0.99021786
956.5503,2145.3066,0.9903866
955.18567,2148.785,0.9898274
954.27637,2152.7534,0.98993367
959.6431,2146.457,0.98911
974.4285,2128.9277,0.988997
962.0659,2138.4075,0.989051
967.68494,2144.877,0.9865019
960.4902,2139.5967,0.9853337,0.0,0.0,0.27189222
948.27747,2141.585,0.98631185,0.0,0.0,0.25223818
963.328,2137.645,0.9865947,0.0,0.0,0.22550987
963.2186,2138.3828,0.98645717,0.0,0.0,0.2342314
969.38855,2142.752,0.9880102
972.6788,2133.249,0.99011034
966.156,2146.403,0.98991734
974.8999,2138.534,0.99036306
966.5686,2143.7354,0.9897753
961.5205,2143.871,0.9897143
971.4143,2144.8428,0.99021614
969.8575,2139.3145,0.9903109
971.3082,2139.695,0.99004537
971.42413,2139.4395,0.98982286
971.83905,2142.002,0.9889682
965.2427,2154.858,0.9868983
964.4514,2146.6335,0.9853182,0.0,0.0,0.27641106
968.33606,2149.206,0.9859784,0.0,0.0,0.2516312
967.96936,2149.6323,0.9859254,0.0,0.0,0.2607488
977.7323,2146.252,0.98750067
977.7444,2144.8164,0.98719096
969.4942,2151.5464,0.9883265
963.61487,2151.1704,0.989316
965.549,2151.9397,0.98933977
965.15533,2153.0198,0.9906352
962.2046,2150.4812,0.9902293
964.6072,2150.8977,0.98969966
971.3315,2154.5679,0.98920375
971.1526,2154.4019,0.9888208
973.7485,2142.9968,0.98848116
967.1211,2152.1238,0.98765326
957.0359,2154.1545,0.98692095,0.0,0.0,0.22525582
946.245,2163.8909,0.9841201,0.0,0.0,0.23305011
944.7581,2162.589,0.98444134,0.0,0.0,0.22457439
952.4921,2162.6003,0.98538893,0.0,0.0,0.21369371
951.5486,2147.2444,0.9874035
959.71454,2145.5479,0.9877101
960.17303,2146.2659,0.9874384
969.451,2141.7988,0.9909629
969.80695,2141.6406,0.9914659
967.7031,2149.875,0.98987156
974.4038,2137.6958,0.99220264
973.3031,2138.5942,0.99245137
969.4364,2145.3774,0.99169946
968.5684,2146.3545,0.9911239
962.87494,2145.6992,0.98863375
964.0113,2150.828,0.9903724
962.54095,2150.5234,0.9903425
949.6007,2163.9622,0.9839791,0.0,0.0,0.23657158
950.02185,2154.491,0.98477316,0.0,0.0,0.22559644
951.42664,2152.4675,0.986985,0.0,0.0,0.24558799
954.7345,2154.122,0.9872464
954.5437,2156.542,0.9869797
967.0307,2153.0234,0.9897433
965.76654,2145.1768,0.9911918
972.5693,2142.4844,0.99162054
974.39185,2143.9111,0.9919618
972.8718,2143.5278,0.992126
974.5223,2140.15,0.99196094
971.8369,2146.0938,0.991181
965.61194,2140.1377,0.99089503
959.41956,2142.7256,0.99024427
958.5068,2142.0857,0.9903267
945.41833,2147.5903,0.98586464
942.1293,2139.0503,0.9847143
949.79114,2144.204,0.9849224
945.3437,2140.4473,0.98674357
943.75726,2140.8953,0.98714846
945.4252,2139.3247,0.9888137
954.59094,2144.0635,0.9910334
959.4066,2130.82,0.99236226
967.61847,2132.886,0.9919567
957.7454,2142.4539,0.9910218
972.2547,2139.1365,0.99180263
971.60394,2137.983,0.9915712
961.78394,2137.7485,0.98968154
960.26855,2142.9019,0.9903122
959.3694,2145.0205,0.99006236
946.7919,2143.8105,0.98741186
945.6068,2144.509,0.98485166
938.55084,2145.8345,0.9858526
954.64856,2143.4685,0.9867675
952.52563,2143.6914,0.9866822
955.0813,2144.0562,0.985919
957.8695,2140.703,0.99064845
964.3804,2140.255,0.9912117
964.6038,2138.959,0.9912589
965.42175,2137.1477,0.99129796
961.0681,2140.678,0.9913087
958.4639,2143.4229,0.9911714
970.9294,2132.7578,0.9911937
966.07166,2139.8018,0.98913974
965.3509,2136.7312,0.98921365
952.0005,2147.3699,0.98721784
940.96326,2149.09,0.98515344
940.3081,2147.7886,0.9869624,0.0,0.0,0.2389719
937.1786,2136.645,0.9878561
938.1597,2137.3613,0.98779696
947.66504,2136.6384,0.98770845
951.997,2129.4888,0.9889691
955.4363,2137.9365,0.990387
949.12537,2139.7246,0.9905934
950.1374,2141.2131,0.9904951
949.32587,2146.9114,0.99012744
954.73517,2147.783,0.99048644
964.0829,2136.3906,0.99146116
960.8231,2134.2495,0.9905715
962.367,2133.9502,0.99080175
964.953,2141.2124,0.9896237
956.5492,2154.745,0.9872355
961.77344,2154.5957,0.99076897,0.0,0.0,0.24524468
947.37915,2153.1436,0.9864237,0.0,0.0,0.25254536
946.33154,2153.7056,0.9863697,0.0,0.0,0.24628341
953.666,2154.7783,0.9862022,0.0,0.0,0.2613783
961.91907,2149.5364,0.9867121
971.5532,2145.0503,0.98836505
974.9835,2139.7534,0.98951423
973.62213,2140.4158,0.98942155
969.1463,2145.3982,0.98979694
967.4881,2141.7563,0.9899568
962.5673,2141.079,0.98996794
964.9951,2144.4216,0.99011505
964.7599,2144.0068,0.98987645
973.5675,2137.838,0.98982567
967.95374,2144.3015,0.98806316
958.04865,2145.626,0.98615915
953.9846,2154.3755,0.9849391
953.2168,2151.9302,0.984985
956.8255,2141.0996,0.98718506,0.0,0.0,0.23836419
965.63104,2140.312,0.98774904
967.61847,2139.087,0.98803395
968.7402,2140.9216,0.98930395
968.42285,2138.683,0.9894475
963.5679,2146.7498,0.99043745
969.3968,2140.4907,0.990393
968.4984,2141.6484,0.99034286
969.47644,2141.8967,0.9897831
971.3901,2144.2097,0.9900551
966.426,2142.3171,0.9899002
954.1698,2153.3296,0.98772705
952.45624,2148.3179,0.98726207
943.31555,2153.708,0.98643506,0.0,0.0,0.22757675
945.18176,2157.502,0.9861296,0.0,0.0,0.2278061
949.155,2153.118,0.98608613,0.0,0.0,0.22355273
962.4855,2147.3809,0.9873515
967.30756,2150.745,0.9884692
971.42596,2148.8433,0.9905628
971.2729,2150.185,0.99050516
962.89404,2157.3813,0.98956114
964.75964,2153.0293,0.9887833
961.7887,2152.8555,0.9885268
966.1531,2152.2708,0.98964185
963.7887,2155.5432,0.9894337
975.3944,2154.374,0.98966354
976.9054,2145.3765,0.98949057
969.7965,2150.9116,0.9882378
967.73804,2148.8103,0.98750025,0.0,0.0,0.2658545
966.3741,2149.247,0.9869615,0.0,0.0,0.262021
965.0581,2156.5227,0.98515236,0.0,0.0,0.21509512
973.938,2154.292,0.98589236,0.0,0.0,0.22896932
981.9535,2151.226,0.9873996
983.27734,2143.29,0.9884697
980.7981,2145.4026,0.9887806
978.73114,2145.0542,0.9885372
980.2258,2134.4106,0.9915876
978.8662,2139.1582,0.98940825
975.79456,2141.3735,0.9891896
974.8603,2142.609,0.9892446
974.99286,2136.692,0.99212635
979.7577,2141.3296,0.9902352
974.2257,2140.2996,0.9894146
981.62146,2151.5903,0.9883217
968.47974,2148.7554,0.9863592
1000.42365,2171.747,0.9828986,0.0,0.0,0.20146179
995.24084,2164.0083,0.9843427,0.0,0.0,0.28019428
1000.63257,2159.9324,0.9833629,0.0,0.0,0.23937652
974.9971,2149.7822,0.98502815
971.6199,2151.9678,0.9850403
967.7366,2146.3345,0.98794764
974.4037,2139.733,0.9895991
971.4385,2143.0906,0.99071103
969.9333,2148.25,0.9910687
970.28455,2148.1484,0.9909841
967.76807,2142.5415,0.9913413
964.409,2140.6602,0.9915883
970.1134,2140.458,0.98981035
964.91656,2146.334,0.9874313
964.83044,2146.212,0.9873799
965.04553,2153.084,0.9854482
957.97473,2150.9365,0.98282284
962.5243,2158.4106,0.9834062
959.473,2161.0098,0.98446274
979.6082,2161.5693,0.9890822
967.60126,2154.683,0.9857129
970.50916,2148.997,0.9883759
970.85706,2143.4126,0.9902866
972.5129,2146.9458,0.9912231
973.7291,2145.6812,0.9911048
971.5609,2143.3118,0.99163145
970.5269,2145.6106,0.99087524
967.25757,2145.3171,0.98825896
977.4044,2146.5107,0.9890855
975.5183,2148.3325,0.98885214
974.82263,2154.3784,0.9824974
970.07336,2156.6816,0.9787481
973.5509,2155.9897,0.980249
970.9252,2151.1436,0.9857205
968.6083,2152.6619,0.9852158
976.5727,2151.5952,0.98564523
975.62537,2138.752,0.9894909
976.4059,2139.331,0.9909835
973.0818,2140.0752,0.99087286
973.6361,2140.1758,0.9908634
973.6503,2141.2349,0.9915139
974.2769,2142.4636,0.9906566
972.66296,2150.876,0.9875194
