618.3873,2795.3857,0.65201324,974.06104,749.0642,0.5223997
605.6557,2809.4248,0.66771334,0.0,0.0,0.10135008
619.08813,2815.44,0.6559563,0.0,0.0,0.007856945
607.7742,2821.7695,0.65594023,0.0,0.0,0.005119171
622.1089,2819.7778,0.65894526,0.0,0.0,0.009370649
639.1838,2835.2441,0.6405249,0.0,0.0,0.0037634291
648.07135,2828.6113,0.6588393,0.0,0.0,0.048978277
659.6847,2826.7322,0.6385731,0.0,0.0,0.002194115
633.2251,2821.0444,0.6443356,0.0,0.0,0.0062765284
641.93274,2812.5266,0.62943065,0.0,0.0,0.01219666
629.2079,2809.9343,0.6445027,0.0,0.0,0.014692247
622.1362,2812.24,0.63845116,0.0,0.0,0.0057562413
617.9072,2821.456,0.61483455
608.9749,2814.9531,0.6238714
610.01245,2803.2544,0.6258814
613.6653,2806.9077,0.62524766
612.57336,2821.233,0.6449117
620.3237,2837.6975,0.63403136
633.21576,2833.978,0.63201207
633.8658,2827.8835,0.63450974
641.7551,2824.5562,0.60668194
634.8494,2811.6643,0.61698717
611.4414,2815.976,0.6367652
618.8994,2815.9814,0.6298941
618.2638,2802.0522,0.60281694
636.57916,2809.2703,0.6025348
613.9955,2812.129,0.62364113
623.30023,2809.2998,0.60744804
627.5421,2814.3396,0.6062057
611.8358,2825.8955,0.6085611
618.70654,2841.109,0.60338175
628.9661,2834.227,0.5971594
636.9607,2835.3328,0.59542847
666.3739,2835.5435,0.57124317
630.78754,2824.337,0.6023324
634.68176,2823.0437,0.56038755
627.8442,2831.4072,0.5580585
630.88196,2836.154,0.5509774
651.12006,2811.537,0.53068614
646.1447,2810.842,0.5294479
647.46234,2817.4746,0.54621893
644.2943,2814.4324,0.57289886
625.71576,2818.4875,0.5819428
645.5553,2842.1953,0.5694855
641.6426,2831.5034,0.5880606
623.651,2820.2886,0.59022814
633.54614,2825.8206,0.5986735
640.1079,2833.357,0.5837473
630.7551,2830.7756,0.5726698
622.79004,2821.96,0.5562533
626.3915,2823.8025,0.53730875
635.8179,2820.842,0.5167781
635.21423,2822.6987,0.53056693
634.01086,2811.5469,0.546674
643.2095,2812.655,0.5272664
623.32623,2819.9583,0.5652507
625.52716,2833.4648,0.5577548
654.2513,2837.5005,0.56357723
687.2367,2857.6548,0.5666954
667.8093,2873.0295,0.5346004
703.59357,2857.7725,0.55444825
688.13806,2838.334,0.5472111
656.96436,2821.2925,0.5600645
644.5622,2816.3765,0.5603407
650.63513,2814.8535,0.54115015
649.7932,2814.0254,0.5269013
652.9169,2820.0286,0.5261962
649.63855,2816.564,0.5558068
645.71173,2832.5967,0.55133086
652.7888,2839.1604,0.5539441
677.679,2828.3882,0.5313379
626.6929,2849.5754,0.5190969
687.98627,2859.4795,0.5215376
675.32556,2846.0208,0.5185816
681.2262,2837.0913,0.5275258
657.41736,2827.0383,0.54001194
639.86847,2822.5532,0.55050987
644.76855,2810.2715,0.5363196
637.0385,2805.6973,0.5360106
645.37494,2814.5435,0.53504705
649.44604,2811.7637,0.5230622
641.3743,2821.9678,0.5282099
656.4604,2827.4084,0.5221661
649.2391,2837.316,0.53126335
684.27454,2841.0154,0.55607593
697.38995,2836.9546,0.55384475
695.25903,2832.3584,0.5654639
703.05414,2840.2773,0.5603423
674.3887,2827.7673,0.5732319
647.3805,2819.5566,0.5859641
633.24927,2893.8462,0.7621994
634.44415,2873.875,0.72417337
637.277,2872.2932,0.72081286
637.8173,2868.6873,0.7359295
646.6347,2894.0447,0.7280738
669.5679,2902.3594,0.68600374
700.892,2842.288,0.5756693
688.973,2858.3374,0.57151836
716.2997,2846.2263,0.5837995
738.3689,2864.375,0.5355451
687.69824,2834.0632,0.52090096
699.3303,2824.1775,0.52089435
647.6758,2879.3462,0.7215357
637.275,2878.1333,0.7319519
638.4596,2874.0305,0.73404175
644.2283,2875.2227,0.7145718
657.1061,2876.0576,0.71433234
666.05505,2883.0088,0.73093534
683.0838,2905.5552,0.7197668
688.92316,2862.6113,0.50721514
717.7107,2867.1724,0.5146293
727.40466,2867.301,0.50164443
0.0,0.0,0.49382114
710.94855,2844.3965,0.51176673
725.808,2898.9395,0.66917783
653.2388,2882.422,0.71135664
658.327,2877.3809,0.6891197
656.0476,2862.253,0.6937012
661.55444,2863.065,0.679287
670.2028,2873.1687,0.7196167
676.96643,2901.5107,0.6687819
692.32153,2928.0002,0.648194
710.0112,2880.3867,0.5158728
770.34283,2880.1545,0.52466255
733.9825,2860.9878,0.54340756
784.2283,2896.4834,0.5101705
740.01904,2845.5981,0.533118
724.9497,2905.8076,0.67300344
708.91675,2919.7832,0.64095944
665.7572,2910.383,0.6855704
649.2296,2883.6562,0.7130203
650.61084,2888.4219,0.7226556
660.5433,2872.0112,0.7019584
669.6393,2890.4478,0.7189264
674.36676,2905.1182,0.6990284
685.55206,2928.0112,0.667606
691.8316,2848.0156,0.5482334
683.1088,2845.1797,0.55411637
685.24426,2856.0457,0.51948243
672.3794,2911.0557,0.6890365
643.4918,2879.4983,0.7252616
653.4385,2878.861,0.68011063
646.5605,2874.7197,0.69328576
657.00116,2869.3171,0.69711596
679.15845,2869.284,0.6863929
658.8624,2872.4805,0.7044656
654.40186,2894.8638,0.7311481
664.70996,2912.2717,0.6963502
670.6672,2847.7798,0.53733474
678.60956,2848.1602,0.5454744
682.94006,2857.3135,0.5462141
666.6802,2847.3625,0.55807495
706.6168,2835.3335,0.5592189
675.3641,2883.252,0.7203187
651.0352,2894.484,0.7283228
672.6594,2891.85,0.7347861
679.00226,2889.5798,0.72265834
655.39087,2873.08,0.7217855
658.1361,2877.399,0.7060576
677.1837,2899.487,0.6893412
672.89966,2901.7578,0.7310456
697.40137,2841.9355,0.5597329
703.87305,2845.1846,0.5593484
710.0222,2848.706,0.58172387
727.0559,2864.0786,0.5509427
696.81104,2849.065,0.5532844
691.61676,2899.8542,0.71056384
666.5247,2826.9832,0.56336254
674.75793,2873.8848,0.7250269
648.8675,2869.0442,0.74142295
655.2722,2873.8823,0.73869306
648.70337,2871.0022,0.7498008
651.9748,2887.2422,0.74278486
662.14526,2910.1523,0.72271985
673.5295,2829.7212,0.5662173
705.1972,2853.0889,0.553093
688.5094,2841.1284,0.5607675
678.0436,2841.911,0.5760376
665.7093,2837.517,0.57477814
653.4497,2816.8245,0.58782625
641.99176,2815.0645,0.5594719
644.91077,2871.0083,0.7257523
642.5435,2803.4338,0.5596888
655.1332,2808.822,0.5587219
649.6998,2867.173,0.71784973
653.42456,2882.2766,0.737539
654.99365,2832.077,0.56760114
640.78125,2836.8948,0.5693477
675.0034,2845.455,0.58552784
707.1459,2846.711,0.57858145
707.31287,2853.7117,0.56904185
729.249,2847.6187,0.5549418
727.5326,2825.2097,0.5605109
659.83496,2822.7197,0.56327456
666.4231,2888.5796,0.7340876
661.9989,2896.4805,0.74212325
652.28705,2893.1309,0.74461126
649.0785,2904.846,0.7367064
648.1476,2894.6504,0.7483784
669.9889,2836.7004,0.5642512
673.75867,2931.6084,0.7369968
670.8958,2845.1506,0.5884439
680.4146,2852.7705,0.5891874
695.72485,2849.3665,0.57035005
747.4127,2851.91,0.5321709
724.7224,2839.3064,0.5462728
669.25574,2821.5723,0.53434956
664.1887,2890.0676,0.73500115
651.5984,2885.2761,0.7585659
654.7271,2884.1592,0.757257
643.3459,2874.0144,0.7567668
673.9656,2900.327,0.73650116
663.82806,2908.5776,0.74467885
682.392,2911.2056,0.7504923
691.47595,2920.0027,0.73693013
686.4504,2908.7588,0.75876635
704.42285,2914.1096,0.7290859
688.21277,2859.175,0.5449438
701.97424,2914.8564,0.71245795
646.55554,2829.9011,0.57343465
648.70807,2897.5757,0.7176406
644.8788,2886.3972,0.7292869
624.27136,2887.744,0.7286941
636.9684,2884.3809,0.71366763
647.92596,2894.5996,0.6923147
652.8341,2900.075,0.692407
657.6038,2906.901,0.710837
676.4657,2914.0947,0.70933795
717.155,2909.2375,0.7201311
700.5856,2911.2551,0.7229978
659.8629,2834.1184,0.5560764
664.73865,2897.4263,0.70186067
649.7302,2889.2231,0.6797922
673.8919,2880.0088,0.70229715
617.47174,2867.2683,0.7663663
642.2434,2874.4387,0.7338629
655.2809,2881.0762,0.7509036
653.5622,2891.0386,0.7620028
656.11,2899.8267,0.7593426
668.3604,2921.9204,0.73502487
660.6004,2903.9404,0.7432991
729.4206,2903.5188,0.7386446
727.10864,2836.7637,0.562146
697.09595,2892.2368,0.74089855
686.1958,2895.8135,0.74536943
673.3623,2884.373,0.73524827
657.0491,2885.8538,0.7635977
663.21234,2886.0464,0.76396775
662.8214,2882.4294,0.7585723
655.4613,2881.6665,0.75294816
662.7025,2889.8452,0.7434931
686.5264,2898.5327,0.74061495
746.2809,2911.3955,0.7100902
731.23004,2829.7915,0.57866484
704.6112,2827.155,0.5747491
695.458,2821.9336,0.5745934
714.14136,2829.825,0.56475157
713.3205,2887.238,0.734135
684.3258,2912.1636,0.7233331
652.9712,2890.0698,0.76646125
651.33655,2880.043,0.74046904
646.1141,2884.8901,0.73161024
672.31116,2887.0571,0.6960486
676.12195,2894.6023,0.7056005
720.0507,2916.6765,0.7109807
699.54877,2854.63,0.56733954
789.379,2867.6663,0.5606533
755.8032,2859.3796,0.56012934
756.56396,2846.8486,0.5619249
744.32056,2828.5415,0.5767363
719.3131,2885.0461,0.7373788
676.06604,2905.4458,0.72387975
657.7026,2890.411,0.7250639
652.35626,2878.5876,0.7436532
652.7621,2882.4753,0.7510337
662.63617,2890.2795,0.7402657
651.48175,2888.9868,0.779729
679.07166,2911.6611,0.75081694
667.866,2917.7676,0.7475053
710.72205,2843.8442,0.610045
718.04425,2851.4417,0.61485523
687.6621,2841.8186,0.63394696
676.47766,2836.2754,0.63843524
681.10645,2838.221,0.62848234
659.4149,2893.3462,0.80697936
648.1261,2871.9705,0.8161138
654.0437,2869.4873,0.8189432
650.5207,2870.8743,0.82309717
666.0906,2876.6255,0.8159914
697.1078,2840.0608,0.6088789
674.2241,2834.431,0.60458255
669.86926,2833.1206,0.61564547
683.3532,2831.9148,0.6240431
677.5025,2831.683,0.63498783
688.1138,2830.933,0.6273712
669.1716,2882.899,0.79377705
687.7697,2891.6775,0.78906393
672.6078,2877.8809,0.80345726
668.92487,2872.3765,0.79969054
661.5178,2881.814,0.8033605
679.0526,2885.8418,0.78475076
687.19104,2816.2407,0.6099185
715.3339,2828.9924,0.6083352
720.5652,2836.5464,0.6070641
719.9403,2844.587,0.6005571
738.188,2847.412,0.59658223
749.37836,2843.6213,0.59812796
769.07794,2844.672,0.60271746
760.484,2831.6917,0.603777
725.8214,2815.3894,0.5898878
707.7942,2830.009,0.59659016
705.9474,2821.3955,0.5916636
715.50604,2833.8057,0.59368926
691.0353,2831.5757,0.6085821
697.6405,2837.3823,0.5981895
705.3043,2835.9214,0.60056657
724.96924,2827.6924,0.59768015
722.0736,2896.4038,0.74483967
716.7565,2906.8772,0.7488011
745.7123,2904.6567,0.74171185
746.7453,2840.4956,0.6135794
732.7914,2833.2783,0.61181563
712.0657,2831.8018,0.60551095
707.25366,2838.517,0.59186494
693.96906,2898.0964,0.7879783
711.8487,2821.5261,0.5926758
695.8752,2892.5593,0.7478678
702.165,2823.7644,0.58555126
723.6495,2910.6304,0.7070714
720.90955,2837.677,0.5813828
788.944,2897.4116,0.5570745,1058.8031,3194.351,0.6046429
803.9064,3106.9185,0.6146319
815.1874,2945.3584,0.5175362
748.8089,2893.496,0.53305286
717.65466,2861.7314,0.56564856
688.06586,2830.313,0.5801564
668.4249,2904.5635,0.71145934
663.2832,2892.3481,0.7220137
651.9324,2895.372,0.7329523
654.96094,2892.2695,0.7174065
669.6761,2914.083,0.7013298
766.1738,2971.479,0.64433324
837.9476,3029.4526,0.6373946
882.876,3049.584,0.6470171
819.8617,3031.5625,0.6126807
787.0695,2987.7595,0.6487057
680.4718,2918.4985,0.7037036
673.33545,2902.5745,0.72940207
645.72375,2910.353,0.7324431
629.41223,2915.0427,0.73700786
644.9819,2909.1138,0.73065895
654.5166,2915.641,0.7100304
701.666,2944.7336,0.6377949
785.146,2980.0771,0.62983173
831.09143,2991.9282,0.6882315
874.2094,3036.5483,0.63967246
843.22174,3034.2002,0.6135441
893.6453,3076.1538,0.63383746
722.9818,2878.504,0.5293399
696.6045,2917.0706,0.6935922
691.6223,2903.2856,0.65795004
660.12305,2901.8083,0.7011548
656.9152,2896.8093,0.7272988
658.66876,2898.501,0.6955852
671.66394,2906.1218,0.6705746
686.1459,2915.844,0.6633182
725.3469,2921.6416,0.65243846
685.27075,2865.0854,0.5428594
613.3325,2900.794,0.5163682
0.0,0.0,0.49814126
556.9903,2888.415,0.5192674
672.6499,2852.0747,0.55351573
670.44934,2913.2395,0.6926999
675.84607,2891.0454,0.6841192
662.18506,2899.8975,0.687345
633.87134,2888.156,0.7208672
644.59534,2888.031,0.67075825
660.83417,2915.4734,0.6437522
668.00604,2951.742,0.5737577
722.88995,2929.971,0.65129125
718.58826,2929.1992,0.6851165
641.34125,2860.8303,0.55989754
519.3485,2874.0522,0.56191933
500.48218,2889.7224,0.5202775
625.1599,2836.457,0.54903984
622.7458,2896.808,0.6649231
541.81146,2847.2068,0.52127445
600.8369,2911.4907,0.66076046
602.4718,2896.0073,0.6757874
610.2637,2901.5955,0.69667065
612.4341,2912.0383,0.6706778
604.9404,2903.9429,0.6341323
646.45856,2912.491,0.61421305
625.4249,2934.15,0.59930134
452.02213,2892.4492,0.5065342
407.73148,2912.016,0.5021328
408.18173,2931.8967,0.5049374
563.926,2884.251,0.5262566
645.8505,2903.9038,0.6828272
597.6658,2904.4404,0.6732983
596.36743,2914.8315,0.65209806
592.41077,2899.5469,0.6815723
568.9723,2895.9678,0.66033334
584.44385,2896.5474,0.66134894
629.4011,2892.1794,0.6954036
672.7477,2900.8113,0.686616
704.58307,2909.684,0.68242764
656.9849,2932.2034,0.6465386
543.5685,2882.6755,0.5360809
494.9743,2925.3877,0.5160232
494.48676,2915.374,0.5162475
503.01874,2889.2808,0.5212962
657.3846,2921.608,0.6520389
656.9314,2915.8936,0.6387
631.0783,2921.481,0.6115153
642.125,2902.2568,0.6927218
675.7429,2929.9287,0.62664104
677.58435,2919.7183,0.6738619
647.00793,2927.2566,0.66893053
681.81854,2930.276,0.68063354
708.0934,2938.915,0.6792367
522.3676,2875.1904,0.5683802
501.89447,2898.5383,0.546543
478.09247,2919.5103,0.5164096
644.4036,2917.2817,0.6522915
610.4448,2950.3462,0.6042969
599.69507,2946.3625,0.6103871
627.4892,2907.294,0.682048
622.27466,2892.3774,0.67001647
618.7684,2891.9888,0.67984724
665.6238,2912.3813,0.6298789
665.5082,2904.0525,0.6633695
655.7615,2932.4893,0.64918184
555.18207,2882.52,0.5338266
451.78595,2908.2341,0.53737247
451.2745,2920.3657,0.52847016
503.25012,2891.6543,0.54649776
521.49786,2866.188,0.550902
594.7583,2846.7554,0.55256253
606.04224,2842.0166,0.5511377
646.0757,2912.2542,0.68489546
644.5695,2893.6755,0.69188875
635.61896,2877.2761,0.73196834
649.2448,2893.0603,0.7081951
692.98816,2892.7449,0.6806828
544.7346,2877.26,0.50022185
596.22577,2876.2524,0.5061933
0.0,0.0,0.4911513
0.0,0.0,0.48488784
0.0,0.0,0.48711652
0.0,0.0,0.48055348
0.0,0.0,0.4793643
727.24457,2930.9856,0.6282233
701.8101,2931.4077,0.64206225
678.3495,2915.7664,0.68228006
694.67816,2904.8972,0.64675206
688.53156,2921.7725,0.6021174
675.5632,2921.5972,0.6378745
668.68304,2929.9446,0.69119304
649.2687,2864.5098,0.54532534
687.5924,2884.921,0.5349484
644.2328,2879.4985,0.5402245
690.1577,2893.192,0.5235871
704.9458,2878.7808,0.51577616
596.865,2878.0757,0.5021224
0.0,0.0,0.486029
656.9357,2939.7375,0.6180959
672.2161,2909.0269,0.6505936
686.1185,2911.018,0.6717474
694.5946,2923.2312,0.6654286
710.646,2928.8032,0.68011266
714.786,2928.6719,0.6661037
685.8353,2938.5742,0.64628726
579.8072,2873.9949,0.5364734
579.65735,2892.1226,0.5236219
592.45026,2870.3335,0.53083694
598.10876,2855.1243,0.5562294
659.40686,2920.3853,0.6804741
643.06104,2923.518,0.66035306
660.98926,2938.3105,0.6722833
663.92755,2927.8066,0.68146354
665.9195,2957.5269,0.6055397
562.58386,2910.806,0.50054526
732.32245,2981.771,0.5987298
679.3989,2894.7637,0.5286218
669.2876,2909.3962,0.53732985
718.72485,2921.9312,0.53010267
575.16766,2921.6162,0.5133058
621.593,2895.0654,0.53695065
590.2604,2867.8096,0.5487013
688.13104,2927.677,0.70638007
670.156,2910.832,0.71916276
674.4714,2902.0527,0.6992278
668.82886,2919.3271,0.6767245
661.62213,2930.6562,0.66284627
657.35596,2909.6917,0.6961542
672.7377,2908.441,0.71074283
685.14294,2943.077,0.65357125
635.9433,2862.0403,0.5673413
590.2499,2871.2515,0.5667686
519.3397,2879.4023,0.5512698
607.133,2882.7861,0.5378148
638.10986,2867.5483,0.5418584
661.41956,2941.4092,0.6709876
681.258,2932.5884,0.66748166
670.99054,2913.8774,0.6988488
664.3699,2906.8547,0.71097493
669.2627,2912.0674,0.6812115
696.28955,2921.1655,0.657828
731.0869,2928.4807,0.6623865
714.02325,2935.6765,0.67904216
706.7744,2946.418,0.6672927
628.95557,2889.1663,0.54804903
670.237,2899.936,0.5276398
700.07355,2925.7168,0.6330795
726.2582,2920.1748,0.6688312
686.51697,2915.1152,0.7145473
662.65063,2917.3923,0.704825
661.5715,2914.5403,0.72307426
650.9256,2909.7874,0.70125824
674.1824,2928.979,0.63490224
686.9741,2943.8286,0.62585485
724.1367,2964.6511,0.6536464
695.82623,2962.315,0.6735223
694.31415,2957.6084,0.6765413
701.7515,2977.9893,0.6091645
695.1363,2966.81,0.63068855
682.213,2943.547,0.6160389
649.9586,2935.1074,0.63444644
644.6022,2932.748,0.604565
648.8068,2919.544,0.6749848
649.3558,2912.6892,0.6840425
650.52094,2905.801,0.6741938
627.66724,2926.6929,0.59372085
681.10767,2933.2432,0.6301094
725.76984,2928.7173,0.64605886
700.8176,2942.6685,0.6424299
648.87036,2880.5854,0.51958907
643.53375,2900.5042,0.5094475
663.0386,2887.4072,0.50623107
688.9425,2869.7021,0.51961917
700.9951,2937.3984,0.64606655
679.29803,2935.9583,0.6601165
676.6549,2925.247,0.64731437
633.6641,2906.8315,0.6432002
635.00684,2897.8027,0.68443817
657.86804,2916.3027,0.6202766
675.50775,2937.2126,0.6107893
697.7397,2944.5852,0.64408696
630.424,2880.2883,0.5394466
519.59674,2919.2324,0.5054533
572.6478,2907.1865,0.51203126
0.0,0.0,0.49953574
586.3457,2872.9197,0.5102059
642.4254,2901.9556,0.6764692
639.3645,2915.2432,0.6787418
621.1895,2909.8484,0.6888964
618.9188,2886.6719,0.66365016
633.4461,2899.7104,0.64177096
607.864,2922.3667,0.58409405
654.4095,2932.0674,0.59704244
0.0,0.0,0.49350792
396.3578,2930.747,0.50117534
0.0,0.0,0.49041617
0.0,0.0,0.4854111
618.93475,2897.503,0.5281512
630.79675,2884.0903,0.5374948
670.64075,2924.6433,0.6545802
627.2422,2919.7285,0.66589415
653.6819,2908.0466,0.6530662
631.8556,2897.3167,0.6755614
663.1907,2933.1,0.5790758
0.0,0.0,0.4652694
609.6644,2873.1526,0.5200098
621.9287,2881.4875,0.54255044
645.0718,2889.309,0.5716461
662.8131,2904.595,0.5594656
597.7791,2908.7974,0.5467875
620.8841,2896.7844,0.53494895
615.50854,2872.9617,0.5471752
625.3532,2849.252,0.5656686
613.33655,2926.2668,0.7338521
628.36505,2910.7292,0.7362757
653.812,2911.7798,0.68688613
661.08813,2900.8154,0.7062918
662.4729,2927.312,0.6909643
682.60016,2951.3926,0.68091154
594.34454,2888.1501,0.52729124
636.384,2874.0479,0.5281139
643.0687,2857.6733,0.53184205
645.4167,2859.2256,0.5200213
681.5298,2821.9485,0.5504591
690.5243,2904.8306,0.6854345
684.9555,2921.132,0.69563895
676.2413,2927.1047,0.6958534
671.73535,2908.3296,0.693058
674.51697,2890.7446,0.69110936
736.7897,2974.3193,0.5789692
710.7966,2938.0005,0.6236951
0.0,0.0,0.49775362
752.9022,2950.3335,0.67657465
762.8236,2961.1123,0.6159786
727.5436,2881.6855,0.51204586
779.5001,2934.5938,0.65509707
749.4182,2911.7979,0.6711176
710.5721,2910.0503,0.6944077
699.6935,2927.8396,0.70721966
688.00604,2920.3193,0.6833623
680.61,2934.0132,0.62571007
693.965,2934.2761,0.6349664
717.503,2925.1206,0.6237332
689.6102,2853.8691,0.5151929
655.17566,2859.2817,0.535885
702.3446,2851.3774,0.5557601
720.7392,2879.4473,0.5167616
700.6621,2845.711,0.5379112
713.5386,2897.391,0.66776294
684.3594,2894.525,0.70911807
671.8026,2902.112,0.712274
639.1797,2886.9126,0.71563286
648.40393,2893.1665,0.71983767
680.40857,2898.1257,0.68811923
701.4875,2916.434,0.6754879
711.1709,2940.952,0.6796585
695.2883,2869.211,0.52278495
696.8583,2867.9758,0.5641163
687.58685,2879.1704,0.54520667
691.99603,2855.1824,0.5647545
640.78687,2914.9443,0.6656689
665.6931,2916.2505,0.6905642
641.7064,2922.48,0.7033025
624.76917,2915.421,0.7336527
623.2886,2905.5503,0.7370694
625.78656,2889.238,0.7301065
668.09546,2909.56,0.661874
696.4608,2926.6736,0.6254306
698.1601,2914.2432,0.6720727
670.6046,2938.5295,0.6765379
677.6024,2865.9995,0.55215216
658.57556,2882.252,0.54322875
707.87085,2875.091,0.5514523
709.34784,2853.4941,0.56419915
717.35065,2931.3027,0.6827036
710.9807,2928.0928,0.71388006
685.3445,2936.4617,0.70936006
691.74365,2923.732,0.70057636
660.1748,2918.844,0.67975044
691.53406,2962.41,0.63294613
708.06793,2948.111,0.6330351
699.5034,2955.8757,0.6536064
706.5833,2962.1504,0.66515106
673.05164,2864.5483,0.5454427
683.0576,2873.2017,0.54520065
721.1958,2933.4292,0.68047494
692.8791,2925.351,0.6864587
671.0492,2922.3933,0.7240253
661.5631,2918.242,0.72205186
677.5885,2922.839,0.7012924
674.1422,2922.546,0.68573266
665.6583,2945.6626,0.6292586
636.98444,2941.6206,0.6087553
659.48694,2944.5188,0.6417126
660.1177,2944.124,0.67133707
629.65283,2871.3647,0.54146117
583.27924,2882.0566,0.53347045
628.28156,2920.8123,0.519308
674.60504,2878.8506,0.5478817
629.1444,2857.5054,0.5623306
648.78357,2862.1958,0.5516401
617.4138,2851.9722,0.5358142
667.5076,2917.2107,0.6667134
664.14343,2901.3184,0.6824888
661.8412,2919.484,0.6957438,0.0,0.0,0.24230145
660.56885,2932.2617,0.6616248
678.0264,2938.989,0.68255025
673.61523,2869.36,0.56195146
662.07886,2877.3071,0.56468105
659.12646,2868.7207,0.5750409
666.738,2860.625,0.57092565
644.2677,2849.8955,0.5674432
647.4277,2850.0032,0.5668352
626.8263,2843.8367,0.56022525
626.3283,2838.9907,0.55176157
643.4804,2913.913,0.6896523
639.6762,2912.181,0.6895795
648.0442,2905.5308,0.6856105
682.3196,2926.5757,0.66452134
670.63074,2931.026,0.6749917
676.3501,2949.102,0.6757815
651.7207,2874.7065,0.5445457
631.48236,2872.88,0.55112875
667.11835,2864.822,0.564396
569.1956,2860.0552,0.5497881
644.4553,2846.7898,0.57648
663.7541,2921.8057,0.70702195
662.14404,2942.8723,0.6876877
672.2835,2919.4739,0.70916456
660.1716,2898.796,0.72942287,0.0,0.0,0.3125778
643.1885,2908.5854,0.69490314
670.1939,2918.1443,0.6736535
655.5579,2912.2998,0.68050736
686.8899,2926.7524,0.68820256
710.94855,2943.7827,0.6905582
653.0809,2872.5244,0.5566173
645.636,2905.0845,0.5276482
621.44037,2881.4653,0.5379427
619.2412,2915.9407,0.6950941
609.1592,2847.753,0.5448052
638.2812,2911.0376,0.6837144
655.33105,2910.9426,0.67340666
647.11816,2905.9375,0.6756477
643.9301,2897.915,0.69135356
668.67,2910.4077,0.6477064
639.4342,2852.894,0.5292076
541.5204,2867.2495,0.52385116
621.9461,2877.481,0.5302547
696.5984,2970.669,0.632384
676.6808,2931.9705,0.6793442
676.52155,2926.1772,0.68335617
699.952,2925.811,0.7213902
683.0181,2910.1262,0.6338028
636.1835,2922.4785,0.6267797
670.53394,2907.21,0.62496996
656.06665,2892.7017,0.66149336
664.8207,2910.6619,0.65960944
636.9518,2932.3718,0.60680825
677.94214,2925.0835,0.64125717
657.9695,2948.729,0.648569
648.1063,2870.004,0.5397297
627.78174,2893.281,0.53800607
663.30023,2873.2559,0.555602
638.56,2850.19,0.59810007
672.24677,2919.6094,0.7436538
666.41504,2919.3008,0.7590983
664.88513,2902.0737,0.75062805
666.9765,2895.3267,0.7423262
664.51996,2899.1316,0.7294666
694.70197,2895.3457,0.7301667
721.57104,2958.159,0.6583761
733.65515,2972.9023,0.6890548
724.25745,2969.9233,0.6937816
783.0002,3022.004,0.6368976
654.6631,2944.5342,0.5033526
731.94836,2956.698,0.66640306
673.1516,2940.1296,0.65724605
652.9516,2930.2195,0.6788988
661.50256,2927.1426,0.69636977
659.53595,2921.264,0.66040623
651.0792,2903.3274,0.70088184
646.87976,2900.4717,0.7138783
709.2874,2950.6868,0.6236465
714.44214,2965.8672,0.64428383
699.5598,2964.6672,0.65759915
633.91785,2879.9272,0.54583085
689.9429,2880.1543,0.5507295
648.52026,2863.666,0.5430475
678.53735,2929.649,0.6765194
652.7942,2922.8838,0.68960774
654.2068,2952.0444,0.6441772
649.3901,2935.9932,0.6343625
638.686,2906.9507,0.67953223
661.34155,2919.361,0.6800045
665.76245,2929.8381,0.6153158
671.6804,2928.6519,0.64430344
699.7383,2952.9104,0.6546351
706.4092,2951.275,0.67642725
717.8011,2965.4885,0.6495018
688.38715,2940.2295,0.6769232
716.18384,2925.3774,0.66801476
696.054,2921.4087,0.68946505
669.68097,2906.7563,0.71801895
669.21783,2921.149,0.6897909
672.975,2923.81,0.6888809
658.5693,2903.1333,0.6646452
666.7191,2937.7139,0.58854264
668.09875,2927.6772,0.61789834
688.2029,2934.0244,0.6627953
687.81573,2949.248,0.65395856
663.42426,2864.7458,0.57892877
655.42456,2903.5957,0.5346471
738.6708,2860.1975,0.57962275
719.0736,2839.6934,0.60654056
700.1631,2908.311,0.71532315
671.0613,2913.0364,0.7268184
651.0469,2923.5623,0.7099997
631.6829,2928.1616,0.7010966
630.85864,2907.6284,0.69501
651.5872,2910.8162,0.6851062
670.2376,2920.7947,0.6476401
661.4819,2909.683,0.70541555
696.5851,2930.5547,0.7015628
682.4344,2862.7412,0.55246407
692.5194,2859.191,0.5564825
666.953,2866.2197,0.54908854
708.04706,2927.3916,0.67305404
659.73254,2835.997,0.55270004
620.3975,2836.6,0.54853845
629.4916,2915.6484,0.70366824
617.4076,2894.0735,0.6967487
613.0084,2892.304,0.720782
628.96375,2891.0142,0.7080536
653.34436,2894.0488,0.6826152
658.34534,2919.9775,0.6493058
621.34326,2870.555,0.51443774
696.82275,2945.1882,0.6814666
593.23206,2880.0288,0.53455603
665.5472,2935.291,0.66323125
661.1513,2920.804,0.6665475
651.563,2915.5088,0.7145787
647.7841,2927.2583,0.7142432
635.111,2903.9033,0.67784005
621.2566,2896.7146,0.7071301
640.91254,2896.6135,0.69645035
662.56146,2900.0376,0.6809223
695.70496,2907.1208,0.65457237
700.3948,2926.315,0.6500809
690.3699,2954.976,0.6886265
690.6795,2884.636,0.56094474
685.11426,2894.9182,0.55027074
681.89294,2892.186,0.5477841
538.89417,2895.8066,0.52802813
521.4462,2877.8916,0.5355323
600.181,2864.3857,0.5428934
629.847,2939.0498,0.68103564
628.1135,2917.7407,0.7088256
638.8167,2901.0728,0.7089495
645.8518,2924.4438,0.6883282
620.4384,2865.1504,0.53386086
668.6121,2924.869,0.6391105
607.9031,2866.0737,0.5379079
665.89685,2866.5137,0.5570878
645.1802,2892.8665,0.5287551
663.3445,2887.6243,0.5189364
660.3585,2880.4358,0.5174615
685.25415,2907.9673,0.6697173
610.4778,2836.517,0.55708957
627.4317,2909.8022,0.67290103
630.1151,2900.9155,0.7092694
612.0276,2900.0066,0.69695634
609.95557,2948.2617,0.5931792
611.4644,2845.1963,0.53528
616.3316,2866.4773,0.5309811
653.40027,2863.8308,0.5566078
611.8164,2882.91,0.54620695
655.2267,2889.133,0.5424316
654.96985,2842.2256,0.5832055
628.3271,2835.1836,0.58182865
643.90955,2905.5664,0.74634314
626.8522,2916.483,0.7235662
655.10596,2904.6646,0.70761067
616.9885,2889.487,0.7058852
649.72394,2891.939,0.6814728
647.8478,2905.435,0.637277
701.90607,2923.9,0.6512327
691.3771,2929.9614,0.70356804
667.12036,2852.3696,0.5727917
704.432,2850.695,0.57122004
739.2504,2867.2354,0.55554926
697.98944,2909.5454,0.6748804
642.5293,2905.536,0.7266022
647.2916,2900.9985,0.7162757
643.8289,2920.873,0.69242305
645.3717,2902.7732,0.7005999
608.057,2894.0789,0.7328419
623.23315,2891.6743,0.7062458
652.90295,2901.4817,0.6852717
679.2749,2914.6587,0.6611689
679.6076,2944.28,0.66198105
649.64685,2852.573,0.5762972
653.15424,2849.446,0.5780676
657.4459,2875.5334,0.5481632
616.896,2847.0264,0.56632847
678.20026,2920.0862,0.67723656
641.64514,2904.3933,0.73767203
641.49164,2923.7454,0.70882225
654.1819,2907.85,0.69809616
661.3925,2896.8252,0.691046
698.5406,2911.4321,0.656606
714.9816,2927.2375,0.6102059
706.23975,2927.8835,0.6490321
696.79626,2937.3633,0.71367824
726.0491,2919.7954,0.71847343
729.61035,2858.2046,0.5552566
714.7064,2855.9185,0.5528044
733.08606,2914.154,0.6958122
665.3124,2903.8994,0.73471785
656.3568,2915.9912,0.7144553
654.60455,2916.5916,0.69766885
645.96094,2899.8691,0.65209675
637.13794,2904.1497,0.6682021
666.8093,2946.19,0.5862318
653.95825,2955.3154,0.57418394
657.00226,2947.1802,0.62418246
696.37885,2948.552,0.6316904
634.7097,2879.2925,0.53618616
701.0823,2892.4282,0.54412967
690.81226,2875.849,0.54989535
625.38776,2858.8945,0.5586551
687.8594,2932.1084,0.6924973
670.06366,2926.262,0.6964802
660.4507,2923.35,0.68024665
676.03613,2922.4211,0.6586805
650.71814,2923.7598,0.6425384
712.7159,2954.4136,0.631406
722.99286,2940.2207,0.6543794
620.63617,2857.1848,0.54631025
647.41833,2861.7905,0.5539168
669.90295,2872.176,0.55547935
706.1541,2850.8428,0.5803043
683.801,2858.7896,0.56589174
600.60986,2845.8804,0.54440975
629.2539,2835.0093,0.5753223
629.15454,2843.015,0.54206455
630.9399,2840.4253,0.54231435
609.80066,2843.8582,0.55508405
634.617,2915.1152,0.68766993
529.8106,2868.3145,0.5098433
619.21204,2863.1428,0.5271826
659.0833,2858.8887,0.5565053
635.2085,2867.1538,0.55561244
610.1144,2885.237,0.55408406
579.6924,2890.942,0.5363109
605.936,2851.881,0.56325835
636.95776,2846.3567,0.5767537
641.23285,2915.4177,0.70321566
636.1821,2898.9553,0.7004711
663.33936,2902.4043,0.6882572
646.8838,2892.5474,0.7109112
662.46454,2901.7217,0.6960826
673.49603,2914.77,0.658933
664.1651,2918.836,0.7013734
628.38446,2847.0186,0.55557895
647.588,2867.5322,0.5544711
677.4966,2864.3376,0.55586493
610.2084,2874.855,0.5271642
617.3203,2844.223,0.534967
656.3198,2903.9966,0.71435595
642.52405,2912.4292,0.7204089
622.8187,2902.7288,0.71551484
633.315,2896.4055,0.728369
642.81104,2900.9785,0.72285604
662.5991,2921.8574,0.68651515
684.036,2937.0193,0.6206411
691.2826,2941.3433,0.67647946
647.5644,2856.352,0.5485093
636.56494,2868.6912,0.54821485
662.30994,2888.6963,0.51905006
676.0416,2913.6987,0.6890509
670.6335,2910.1003,0.7078208
659.0547,2915.8416,0.70325625
640.69324,2921.296,0.70324236
641.61316,2906.503,0.6993003
636.5457,2911.1357,0.70877796
637.6686,2904.875,0.68720263
652.3887,2949.7952,0.6029347
714.66003,2954.962,0.64419776
718.4434,2953.5198,0.65768236
717.8888,2958.2498,0.6589041
659.4464,2891.683,0.52786344
656.2857,2908.1843,0.51920354
725.54126,2938.5227,0.6586428
714.4485,2928.402,0.65604967
674.14905,2935.3796,0.6414699
650.32196,2958.6775,0.60674214
632.3568,2920.647,0.6504132
636.7197,2913.4521,0.6770093
638.4581,2909.8977,0.6646824
658.18005,2950.4902,0.56795645
676.75885,2958.1855,0.60351926
684.2991,2959.7769,0.6299806
690.378,2950.284,0.65455604
721.30096,2948.2212,0.68481046
747.34265,2953.249,0.66860586
734.3594,2931.9487,0.65957206
698.8008,2912.3018,0.70313674
687.25824,2905.8335,0.7014466
643.4387,2906.28,0.6958829
661.0349,2893.8777,0.68055004
649.52625,2894.0122,0.69725996
647.95996,2881.1384,0.71915287
674.05505,2901.8848,0.69661003
662.73505,2914.3853,0.6810436
673.741,2933.104,0.68136173
683.10547,2935.43,0.705901
721.5485,2955.8257,0.664107
677.0853,2873.2686,0.55882746
712.478,2943.1746,0.6685859
643.07275,2857.3188,0.54222983
605.7691,2847.0386,0.53783476
642.06,2929.0562,0.69604075
651.78754,2920.0854,0.68120486
637.7196,2924.3643,0.6662845
645.14386,2923.2603,0.65740657
671.11755,2945.2842,0.61698395
0.0,0.0,0.48607734
590.87897,2875.7175,0.5082741
733.6562,2951.76,0.66436374
720.88934,2942.7456,0.6875612
735.18823,2940.1138,0.6829422
720.6949,2926.174,0.6972048
714.3694,2926.0098,0.7014087
693.19305,2922.1787,0.6692324
681.47784,2953.776,0.61548615
654.50964,2959.2092,0.6062334
655.5309,2934.3843,0.6339533
637.0106,2935.7412,0.6485768
673.6946,2942.6716,0.66048247
676.6936,2941.286,0.66337657
687.86035,2933.1606,0.69032276
683.90564,2938.08,0.7096631
716.7464,2962.8267,0.6746056
705.0293,2941.0837,0.6937654
691.58997,2931.3813,0.7013613
660.62024,2856.204,0.5448706
659.3522,2860.457,0.53747773
592.04395,2861.1282,0.5251285
623.2414,2929.3594,0.6602327
646.4761,2898.0579,0.6838214
646.00793,2909.148,0.6640994
705.7033,2940.1694,0.6378493
729.73535,2932.0674,0.63236284
699.1118,2925.1072,0.67022943
680.17773,2945.7544,0.6825965
661.0426,2874.4038,0.51837623
631.2854,2875.9602,0.53245336
621.5538,2865.3623,0.5379645
612.218,2856.9558,0.5365205
683.43555,2925.9019,0.6847107
616.9437,2865.71,0.52615875
671.709,2962.3945,0.6004943
661.10657,2940.695,0.62748235
642.08887,2921.1877,0.67353237
695.3942,2929.2559,0.62631375
675.1394,2934.8167,0.6237365
0.0,0.0,0.48914993
0.0,0.0,0.4973392
709.32587,2944.166,0.6488502
719.5838,2949.436,0.6553752
725.17145,2943.0505,0.65372586
683.23474,2907.5996,0.6727469
643.3992,2887.8672,0.7115903
645.9634,2900.1377,0.7009335
634.1499,2894.558,0.71126956
634.39734,2891.482,0.68460035
640.18195,2895.3435,0.69863546
579.81134,2861.5776,0.5097226
642.35474,2849.8096,0.52947545
667.2261,2856.206,0.5372547
653.7762,2860.5913,0.54947084
653.1597,2871.8528,0.5399115
660.11633,2882.3215,0.54341274
578.55035,2870.8542,0.52823967
630.8543,2847.9978,0.55007535
627.10394,2835.43,0.5743677
632.3045,2836.808,0.5663257
662.95105,2897.8706,0.69777095
645.3517,2886.9014,0.73365504
642.0745,2898.475,0.71930236
663.72034,2916.9692,0.68031937
623.0679,2862.631,0.5563877
646.40485,2880.0183,0.5538666
592.6328,2895.3035,0.5473957
589.92566,2896.835,0.54781127
647.41327,2873.4238,0.5516173
610.37024,2866.1963,0.55243456
632.42017,2846.0767,0.5657275
638.9341,2849.4233,0.5833849
619.8456,2841.503,0.56997186
657.3657,2914.1855,0.6740824
576.0786,2818.5588,0.5616736
571.50977,2833.3325,0.55789965
525.1146,2852.9607,0.5319353
586.9085,2871.4595,0.53025967
596.51184,2858.222,0.5508138
473.86237,2883.7498,0.532284
517.8934,2888.733,0.53431094
561.6688,2879.85,0.5432758
684.22485,2920.832,0.69514
648.468,2916.901,0.6995836
680.66156,2929.4346,0.6922245
659.5992,2925.6675,0.6910474
644.3792,2911.3647,0.6855418
641.87665,2900.8179,0.7167824
652.38696,2901.066,0.6952254
674.1553,2903.3076,0.6840023
684.2838,2922.446,0.68974566
678.4602,2936.2632,0.71650654
705.32764,2949.7402,0.69602305
658.8981,2858.6394,0.5625343
651.26074,2845.4893,0.5694942
673.85583,2848.4087,0.5724909
660.9945,2837.5745,0.5786121
652.1652,2908.8403,0.72401446
641.9371,2905.5195,0.7304445
632.4,2888.3257,0.73614675
642.9678,2903.8923,0.69127065
662.27045,2908.2383,0.6653132
666.2471,2912.358,0.66229546
656.21643,2839.1626,0.544592
674.156,2855.5093,0.55550426
635.30884,2857.826,0.55598176
670.75757,2864.47,0.5505641
607.5813,2848.8179,0.5534125
630.4574,2832.3794,0.5714819
669.71204,2915.2974,0.7158486
637.89246,2842.0342,0.54220223
613.3522,2832.8726,0.53381145
600.9802,2833.3997,0.55685866
591.8933,2839.707,0.5651661
605.2977,2855.2983,0.5464222
600.8356,2870.1191,0.54572153
642.8559,2867.605,0.55318356
629.17334,2888.0146,0.5374299
650.9999,2911.583,0.5310856
614.4305,2890.8994,0.55054355
593.47363,2897.3916,0.54024243
599.056,2895.7888,0.56150043
654.7711,2884.356,0.5644048
673.57007,2885.6572,0.56441337
667.5291,2876.3687,0.5586815
657.8198,2866.2778,0.5786788
648.5078,2876.012,0.57781696
692.07214,2890.69,0.5540286
615.68396,2872.415,0.5660208
628.9494,2886.5652,0.531601
647.5592,2877.5867,0.5441309
679.9319,2882.151,0.5324039
641.9943,2881.8481,0.53378606
590.91486,2853.9011,0.53517485
515.92773,2868.066,0.51922655
559.25903,2845.6104,0.55101705
603.81134,2831.2412,0.5423179
639.6224,2910.2244,0.71777755
627.39594,2902.791,0.6882512
643.64526,2900.7952,0.7014106
598.9927,2865.691,0.5092907
567.2309,2876.9744,0.50551957
594.1551,2852.4233,0.53528273
579.0563,2871.8574,0.5294871
648.60443,2864.4443,0.54194105
669.7535,2905.1238,0.69520265
657.05426,2843.1611,0.55389893
674.70013,2904.308,0.7101926
614.5304,2834.6768,0.5515157
607.57526,2833.4075,0.55340433
609.87354,2837.901,0.5619461
591.81915,2832.3496,0.5546391
585.5292,2845.2666,0.5456312
595.82263,2853.8833,0.5394623
584.2433,2857.1567,0.5435814
651.23975,2865.411,0.5575228
612.1571,2891.1587,0.52513134
534.7711,2900.9504,0.51023644
656.2158,2857.2178,0.53764135
597.7395,2847.8662,0.53662497
617.07947,2837.0383,0.5663152
611.2352,2842.5884,0.542956
577.9741,2833.7935,0.548495
563.2981,2821.1921,0.55461365
535.6454,2818.7278,0.5393464
558.0365,2823.4946,0.5562189
522.14856,2853.255,0.527004
540.9209,2853.5684,0.54110265
590.11926,2858.4048,0.54064596
601.7445,2879.1548,0.52401114
0.0,0.0,0.49456292
519.26355,2873.021,0.5424959
598.13806,2839.2754,0.5749519
609.18225,2842.5027,0.57849324
603.37964,2836.9353,0.57729006
613.79535,2834.1313,0.56183386
625.81946,2833.6113,0.5538067
629.04144,2899.7886,0.6970796
552.4564,2866.3716,0.5261091
603.695,2854.1187,0.5468356
621.4033,2866.3108,0.53636456
578.9393,2864.3152,0.5411839
612.5191,2871.6152,0.5419918
724.23157,2879.9468,0.55049276
676.6389,2852.582,0.566924
681.42255,2922.5647,0.6948949
635.8988,2844.496,0.55352414
634.1002,2837.1196,0.5481179
624.5998,2836.4421,0.5496286
627.2115,2901.295,0.69570595
611.72253,2839.1907,0.52987784
576.95,2853.512,0.5089253
600.25037,2866.8418,0.5159637
644.3687,2852.8037,0.53242457
615.3539,2861.2375,0.52178425
646.65924,2874.0012,0.52026427
640.4117,2865.7026,0.535612
682.18054,2848.4219,0.56845355
646.95386,2841.5122,0.56513536
675.5758,2849.788,0.56208444
683.8815,2842.1755,0.557808
640.4087,2842.9622,0.5364949
665.19116,2898.4673,0.6866314
667.0505,2898.0215,0.67471445
691.20953,2911.71,0.6551653
696.04486,2981.293,0.63398117
650.71234,2846.3457,0.55248266
676.2043,2863.2588,0.5638127
658.71643,2874.9968,0.5513752
681.1423,2865.711,0.5505262
647.949,2862.433,0.5527694
658.03656,2864.4429,0.54884684
478.27557,2880.1016,0.5201171
578.7898,2864.17,0.5261568
623.19806,2841.7346,0.5605601
624.52985,2827.745,0.5421193
586.61096,2843.2961,0.5245306
627.6329,2920.6704,0.6286325
602.7547,2853.7573,0.51543355
632.71686,2848.3486,0.54590124
602.194,2867.7175,0.5335019
665.6737,2864.7715,0.5566215
684.5257,2876.724,0.55897063
627.74835,2848.2532,0.5763623
652.43634,2859.9736,0.56315464
636.41327,2841.254,0.5725918
596.17957,2854.2117,0.5472718
607.2525,2836.1877,0.5657514
599.69,2833.2378,0.5669105
576.8408,2837.5278,0.51810724
541.5775,2855.3037,0.5035623
651.1287,2859.2637,0.512966
662.0172,2864.1975,0.5189203
655.1089,2858.364,0.54028976
514.323,2899.309,0.5004524
657.0016,2872.9373,0.52300936
671.25476,2860.8706,0.53862154
650.817,2851.4927,0.5283861
602.766,2845.916,0.5400621
582.2507,2844.9473,0.5282643
603.0325,2843.6763,0.52017915
660.0616,2901.362,0.6517375
0.0,0.0,0.49880433
676.0179,2937.5706,0.6028906
607.682,2864.9502,0.5084466
706.12115,2971.5789,0.6148276
708.0713,2972.6406,0.63844025
581.98505,2900.504,0.50198555
601.5216,2885.3948,0.50945866
708.98267,2949.087,0.63687307
694.31903,2949.522,0.6243081
682.90576,2947.729,0.6175072
656.46204,2949.9236,0.6068361
635.39264,2932.3335,0.6507621
610.4835,2848.1008,0.51608294
0.0,0.0,0.46495554
0.0,0.0,0.47970045
0.0,0.0,0.47608763
0.0,0.0,0.49608478
603.58307,2890.6245,0.5101368
640.5697,2895.8408,0.5179442
622.1314,2894.858,0.5127768
665.1148,2864.106,0.5307921
658.9559,2873.6655,0.5079271
664.2172,2853.105,0.5286702
676.22577,2933.526,0.6593443
644.9091,2916.8862,0.70147663
596.27563,2846.917,0.52907693
564.9767,2851.2969,0.5214321
0.0,0.0,0.49686807
570.64075,2877.0042,0.5103398
615.0493,2887.7253,0.5131351
633.47504,2881.8872,0.52847105
613.6617,2870.0107,0.54562193
628.83105,2873.714,0.5432426
625.28296,2851.7993,0.54652286
621.6087,2884.6475,0.502513
642.48724,2859.028,0.5382098
631.659,2845.5789,0.5520141
643.98413,2854.4177,0.5415283
622.0437,2843.0415,0.5485309
623.4691,2851.6707,0.52261674
0.0,0.0,0.4884686
0.0,0.0,0.47327948
0.0,0.0,0.4807764
661.5166,2949.872,0.64645
0.0,0.0,0.49538666
0.0,0.0,0.48996347
0.0,0.0,0.4973251
0.0,0.0,0.49668726
613.8978,2848.408,0.525425
631.4004,2840.838,0.5569615
662.4881,2844.4705,0.5554016
638.6524,2836.6252,0.5473727
657.3027,2917.8835,0.6518428
706.7366,2935.2314,0.6435691
685.51337,2940.812,0.63123643
651.10547,2869.0374,0.5287121
658.6041,2862.6343,0.5448484
641.77997,2875.7134,0.54324514
606.43756,2888.0984,0.5301262
609.65125,2856.995,0.5584541
653.4563,2846.714,0.5650692
644.2981,2850.2227,0.5492111
669.09784,2828.33,0.5700956
644.4049,2836.6123,0.54762185
639.6366,2900.6484,0.7016611
623.7318,2831.686,0.5303994
627.8667,2828.4927,0.5391419
645.71436,2838.9824,0.53685224
632.13696,2857.5393,0.526899
665.88306,2854.1377,0.5549265
628.5436,2858.4487,0.55887765
665.1193,2851.9001,0.5632721
599.48096,2851.748,0.55017763
685.0155,2850.5586,0.5624088
616.1666,2839.7876,0.5715587
654.1874,2837.2197,0.5669114
643.0982,2833.5605,0.5623797
614.3586,2900.6348,0.7150766
630.1252,2885.6394,0.73251384
632.7344,2895.0776,0.6842174
629.57166,2898.2996,0.68352294
626.02045,2827.2583,0.55766803
664.61816,2949.3364,0.7035313
679.0939,2947.6675,0.6669215
521.07294,2880.7156,0.56094056
603.48096,2849.5703,0.58128095
595.0742,2856.9844,0.56847805
555.3082,2845.3,0.565844
575.3375,2845.7373,0.5543921
612.8246,2842.4072,0.5422388
619.3545,2827.9368,0.5443645
607.36646,2834.9775,0.51665896
604.3113,2848.5757,0.5218324
605.71313,2855.336,0.5159963
0.0,0.0,0.48099628
635.0866,2850.0327,0.5417291
650.4536,2857.01,0.5505433
631.2146,2863.4775,0.5507533
682.0486,2866.2708,0.5502947
631.29736,2852.8936,0.5618698
645.85126,2856.872,0.55851275
680.76184,2834.3574,0.57835567
658.5679,2833.0168,0.5577596
597.8472,2836.6685,0.5403502
589.55066,2836.3235,0.53751767
580.80304,2849.6045,0.5247552
553.0604,2858.8525,0.5173589
601.92175,2857.2085,0.54469407
603.4814,2874.1326,0.5243411
606.3943,2870.2988,0.53363615
597.0431,2867.4893,0.5375747
596.1697,2879.3857,0.526473
611.3991,2879.2246,0.5141205
609.2285,2846.8286,0.54708517
620.9723,2842.572,0.5550405
596.88745,2846.8384,0.52342314
606.4022,2842.2734,0.539216
626.5437,2905.4346,0.6762318
646.42505,2921.0078,0.62958014
667.19104,2913.2104,0.6400197
639.04706,2858.409,0.52875024
646.5685,2875.557,0.51880085
611.02563,2873.8838,0.5232691
633.87964,2887.3413,0.5292886
605.9572,2891.9663,0.52120185
652.16583,2881.889,0.5222085
628.03546,2846.3171,0.5495122
655.0264,2839.2861,0.5533149
643.1456,2833.8838,0.532713
636.2539,2905.5596,0.64741063
631.08417,2908.489,0.61503506
719.1297,2915.9868,0.63988966
642.12366,2856.3591,0.5273225
663.8185,2854.2917,0.53382355
621.9542,2883.9958,0.50914913
650.568,2869.8418,0.52774656
607.4802,2887.0278,0.51229495
621.1832,2870.5312,0.5092309
599.8301,2870.7295,0.508641
593.8542,2852.5247,0.53050894
651.1571,2851.1997,0.54038274
614.2488,2853.2979,0.5348303
626.5245,2909.6865,0.68905723
639.6758,2890.7014,0.64524794
670.6738,2917.9006,0.6198874
657.1489,2866.188,0.5199528
659.86383,2878.5125,0.5243768
663.20044,2897.708,0.51066166
636.95154,2888.0269,0.5372797
556.7943,2907.0151,0.5086791
507.99216,2891.5327,0.51002413
542.33325,2891.1667,0.5106334
586.0333,2860.4358,0.53728753
619.30347,2854.2864,0.53759456
642.048,2856.858,0.5282454
625.7771,2890.9438,0.67127556
641.4644,2886.29,0.6727025
649.08374,2896.1538,0.65833545
641.24963,2909.705,0.6317555
579.83905,2847.7478,0.51832086
587.5874,2861.6523,0.51579046
566.5922,2864.8552,0.5258613
571.8298,2877.838,0.51652545
579.503,2861.195,0.52591723
563.1194,2861.428,0.5163792
628.66296,2845.9937,0.54219157
623.8428,2847.0317,0.5484949
625.89404,2857.3018,0.519978
628.7405,2892.8965,0.7006231
634.3511,2897.1423,0.65847373
583.5178,2852.5635,0.51331455
0.0,0.0,0.49949887
0.0,0.0,0.49620044
579.60266,2885.919,0.5166965
481.2171,2920.066,0.50045854
513.54706,2925.167,0.51188064
494.06946,2911.3994,0.50828326
541.75055,2906.8281,0.51302755
578.64484,2872.6047,0.5283608
602.7761,2849.417,0.5329713
597.4261,2853.3071,0.5199885
620.50745,2898.3586,0.66243064
640.2706,2917.7534,0.6184945
672.8378,2936.0972,0.5897774
569.87445,2868.9688,0.5077978
584.97595,2871.2854,0.50920475
0.0,0.0,0.4957779
520.4227,2923.166,0.50097144
621.3534,2906.1,0.5112347
0.0,0.0,0.49840343
578.05695,2878.183,0.5196725
604.4083,2858.2007,0.5636345
627.9048,2847.3013,0.56332606
641.7031,2852.107,0.54242414
630.8356,2836.2715,0.55678946
588.5243,2836.2734,0.54424834
552.54663,2857.0923,0.5256726
626.30334,2857.3643,0.5193566
653.0734,2865.9426,0.5289816
641.60864,2865.3901,0.5481955
615.1019,2869.9917,0.5565335
606.9325,2859.7288,0.5612329
610.3282,2872.1904,0.52262753
635.2994,2826.042,0.5809376
619.23944,2834.4517,0.58363664
618.3685,2837.2002,0.56683433
621.5238,2833.8657,0.56714547
614.92145,2890.5696,0.73203295
634.69165,2905.4604,0.69030124
606.9159,2851.7832,0.5359197
619.78345,2855.0251,0.53530294
616.40796,2870.774,0.51870424
556.24866,2883.6997,0.5167283
543.13525,2911.565,0.50340134
586.41956,2873.2017,0.5184772
567.7656,2857.2085,0.5180352
597.6414,2850.085,0.5241891
591.9591,2844.9763,0.5419044
584.02386,2844.4375,0.53805715
627.0526,2901.7727,0.6921958
634.8358,2902.9858,0.69084054
621.6073,2930.7048,0.5901922
0.0,0.0,0.47947484
0.0,0.0,0.47357553
679.6886,2957.0916,0.5809316
677.82294,2953.5522,0.6405759
647.06256,2874.5693,0.5001918
700.0919,2861.6157,0.54058284
656.3492,2871.954,0.5100856
643.9919,2892.329,0.50354016
648.4906,2868.8608,0.506264
0.0,0.0,0.4971004
644.94385,2939.916,0.61504656
644.58215,2919.0732,0.6251034
655.3951,2945.2725,0.5760401
668.3158,2939.7012,0.5891029
0.0,0.0,0.49956635
629.2495,2881.1582,0.50442916
611.7666,2890.8623,0.5166822
637.15436,2873.4177,0.53958714
592.66064,2854.2583,0.5363989
638.6349,2847.127,0.5427273
638.7479,2836.3452,0.56557274
639.3388,2840.7124,0.5600425
652.9371,2838.481,0.5501619
633.8534,2898.3594,0.7095877
636.7288,2905.2104,0.68447864
641.0271,2918.245,0.66842616
529.6152,2850.545,0.52982193
577.6458,2867.7236,0.5297229
627.4784,2860.6,0.53665066
698.1212,2942.7786,0.6552413
679.0779,2938.1597,0.61258435
638.86444,2925.8914,0.59967345
649.6914,2911.0361,0.64206356
619.76196,2898.4165,0.6753411
637.5303,2904.8066,0.6848931
646.82214,2842.1301,0.5461814
617.5709,2894.2212,0.7161532
621.57587,2824.5918,0.54857
636.0197,2833.5344,0.5451982
664.1373,2928.2278,0.65186304
623.67053,2864.0808,0.5218543
683.6784,2933.3782,0.69813925
660.7465,2933.3152,0.6522235
649.66394,2919.6277,0.65883845
626.9061,2920.9048,0.65485024
619.2473,2899.4053,0.6960735
603.6549,2895.392,0.67204386
617.1658,2912.5154,0.7139723
609.5537,2895.1775,0.72110236
622.9206,2899.6033,0.67112243
628.3689,2909.065,0.63906485
632.2746,2920.783,0.628386
664.7689,2925.6763,0.68127316,0.0,0.0,0.22409919
678.0499,2938.472,0.67418337
574.1858,2869.7715,0.5173963
639.172,2865.8438,0.5089571
566.6784,2851.7705,0.50608236
642.38196,2933.9602,0.6087256
633.1915,2919.7925,0.6781086
645.92645,2910.783,0.68095183
641.1773,2920.9858,0.66396123
632.20593,2900.6157,0.6798225
631.8894,2918.5552,0.64713144
637.5514,2917.208,0.6659958
528.92523,2857.4597,0.5075392
630.23944,2848.7583,0.5342888
600.5504,2858.0762,0.5353704
557.98444,2875.2354,0.534587
590.3966,2892.9636,0.51017463
541.8655,2853.0444,0.5441335
670.3138,2931.3945,0.6623132
648.5875,2923.421,0.6508585
668.3711,2923.134,0.6580686
626.0368,2915.9875,0.6870656
633.9946,2910.038,0.72214925
645.4627,2918.5122,0.69915926
654.2903,2931.7632,0.6857081
656.7087,2927.1284,0.66316104
547.99786,2882.1418,0.5084626
599.6138,2873.8113,0.5109734
726.22833,2957.2126,0.6429689
702.6421,2961.6514,0.6193105
0.0,0.0,0.46855873
628.24426,2959.1711,0.5916382
487.34015,2882.5728,0.5129757
616.829,2927.6096,0.616339
590.63696,2913.448,0.6622709
622.8063,2889.1274,0.69396406
620.90784,2904.6738,0.6519277
644.41907,2914.6272,0.671462
591.6467,2867.116,0.5097357
616.97675,2878.6555,0.52660155
610.68555,2863.7483,0.557645
585.61975,2883.2002,0.5448614
625.562,2868.8887,0.55842775
594.72144,2859.9607,0.5515908
542.5551,2845.7854,0.55868614
570.6169,2835.094,0.56560355
604.8738,2828.9146,0.5680971
605.6088,2830.5454,0.5576793
606.36365,2905.7937,0.7357251
611.50464,2894.543,0.7083105
536.5176,2848.8108,0.5233267
595.9668,2858.1814,0.52675164
633.72205,2861.9019,0.544702
588.6688,2881.9028,0.5176124
537.4019,2887.4963,0.5319331
425.07062,2900.5098,0.5278761
398.89258,2908.5366,0.5170228
547.04895,2852.5151,0.55371106
596.0136,2857.7354,0.5377345
583.50586,2858.705,0.5311137
614.24506,2843.1443,0.5339746
613.7103,2909.2896,0.6774938
0.0,0.0,0.46684963
0.0,0.0,0.4420635
0.0,0.0,0.4743369
0.0,0.0,0.45257515
0.0,0.0,0.46541622
0.0,0.0,0.47450775
613.9276,2857.265,0.50630337
585.9278,2854.8745,0.5033974
557.3718,2836.0088,0.5309008
590.3376,2838.628,0.5350922
620.3461,2844.5723,0.5293502
612.44006,2891.7617,0.73210424
631.00793,2910.409,0.6892801
632.5316,2901.6655,0.657581
0.0,0.0,0.47653988
641.5337,2869.562,0.51194686
579.5486,2887.208,0.5101603
0.0,0.0,0.49425095
0.0,0.0,0.4829451
663.54065,2965.5405,0.60135496
591.2967,2861.082,0.52684677
641.6662,2925.4478,0.6443406
635.97,2931.2966,0.6847777
631.7494,2849.3154,0.5478526
617.06433,2895.6416,0.7188337
616.0929,2896.9116,0.68289036
628.72,2909.745,0.6556269
611.6267,2858.8542,0.50898606
642.9768,2865.203,0.52341974
608.9928,2872.7615,0.51807004
558.9633,2866.5608,0.5246062
542.76135,2873.544,0.50939184
640.78076,2853.872,0.535851
599.0306,2838.1365,0.54049695
575.5676,2838.2637,0.5293977
635.2602,2839.0244,0.54450125
613.3343,2819.2085,0.5369452
610.7372,2820.8706,0.53728324
606.5349,2827.4465,0.53370035
599.985,2845.0212,0.5181328
671.1563,2948.6704,0.6608697
613.2568,2854.2317,0.52927077
513.4135,2875.6194,0.51332384
465.41208,2897.8245,0.5010184
472.31952,2887.0403,0.5035921
618.9968,2848.5212,0.54663336
638.931,2916.3672,0.7037942
628.5543,2913.6516,0.7009259
631.7018,2926.9458,0.6849109
636.1704,2907.4688,0.7089312
636.02313,2906.2698,0.69778675
643.962,2920.024,0.6819244
591.84033,2854.6113,0.52858466
584.51654,2864.3218,0.5348179
584.7781,2866.0288,0.54962474
576.95374,2861.661,0.5539111
569.9541,2853.9795,0.54478043
608.7848,2924.9229,0.65216666
621.59973,2920.4858,0.69886255
544.168,2837.3003,0.5733605
566.3475,2833.193,0.5655177
607.1051,2826.787,0.57128674
583.2525,2824.2769,0.5655882
587.15015,2839.2144,0.5424842
536.0971,2862.2969,0.50459075
557.35913,2865.0862,0.5185705
537.5684,2882.21,0.527273
424.83722,2916.4253,0.51735324
531.56757,2881.451,0.5314202
509.73843,2864.1602,0.5377202
608.3672,2841.1006,0.5655238
609.191,2828.177,0.56467795
600.7345,2837.7869,0.555898
616.42017,2832.6863,0.5473231
627.95435,2833.291,0.5491833
562.4357,2843.7861,0.5142821
581.2913,2844.3247,0.51938856
601.18665,2844.8982,0.53252465
632.4187,2847.4565,0.53558075
642.46265,2871.8005,0.5363379
570.8535,2866.54,0.54132
457.2128,2880.1765,0.5221937
590.74786,2839.5825,0.5542689
608.2568,2850.1257,0.5383861
558.6521,2834.921,0.5536911
598.7324,2827.6267,0.5624143
627.58344,2830.0054,0.5567608
633.32135,2831.8232,0.56828743
624.17413,2822.9563,0.55768543
640.9518,2833.7678,0.54983324
616.8772,2842.1572,0.5391884
653.1322,2864.9387,0.5317016
562.1468,2863.3604,0.5377901
632.28265,2867.105,0.55595654
588.54736,2862.6501,0.5443608
648.41315,2845.3691,0.53767496
632.4186,2840.7612,0.5506495
611.0307,2836.3862,0.5475667
624.6963,2837.246,0.54501456
607.81177,2824.6926,0.5446601
611.9712,2826.7485,0.5500312
634.07697,2836.04,0.54578733
594.384,2857.6226,0.51819545
642.27686,2866.253,0.52378184
635.3287,2878.8667,0.53207976
578.63635,2900.2642,0.5215567
629.1321,2892.7146,0.53383124
672.80444,2853.105,0.5613801
610.63965,2844.9893,0.5622402
568.5922,2836.643,0.5679678
611.04065,2828.5713,0.56448454
631.111,2837.4482,0.55929375
634.2272,2833.4067,0.56949973
652.84375,2845.5254,0.5478491
641.2862,2841.1887,0.54146624
627.1636,2840.984,0.53711593
643.9399,2851.3564,0.54230964
627.6455,2866.0298,0.5370067
529.9831,2903.6248,0.50596696
583.6581,2854.2527,0.53949416
572.0177,2852.1406,0.5388838
610.73,2842.334,0.53396493
611.2355,2827.1753,0.5487138
588.8395,2832.0754,0.5475951
589.2747,2832.7224,0.54592746
599.04236,2825.5635,0.54998964
608.021,2828.9702,0.53977114
617.16235,2843.28,0.5235306
575.0535,2864.1304,0.50160223
606.38385,2874.3662,0.5113135
636.2278,2864.7969,0.5312639
463.31525,2911.6262,0.5184218
595.49646,2929.5737,0.52336764
530.4796,2892.7432,0.51446646
599.8653,2853.1035,0.53770727
604.01697,2847.9766,0.5437495
613.9503,2842.352,0.5481382
633.9081,2837.0854,0.5528051
631.0735,2831.692,0.5564458
629.65894,2906.1443,0.690645
644.9361,2922.1826,0.65818995
0.0,0.0,0.4971208
633.58624,2876.6074,0.5244637
557.84204,2873.3726,0.53650975
501.01282,2901.996,0.5060517
466.84033,2889.8096,0.5252297
571.44763,2857.221,0.55112106
597.447,2835.268,0.5732767
540.52704,2848.104,0.52845883
610.2743,2829.4353,0.53757954
625.10876,2825.5583,0.5395834
632.1798,2895.7012,0.7370343
649.61646,2888.391,0.6944683
643.24493,2893.438,0.6893205
582.185,2861.0034,0.50711495
612.04083,2862.771,0.53162086
515.4238,2905.9126,0.5061781
576.0056,2891.9482,0.5218416
569.97565,2875.7056,0.5214195
618.0226,2862.0752,0.5264427
614.7348,2891.412,0.7074708
617.607,2888.5767,0.6769374
614.3068,2830.457,0.52578187
597.982,2841.6816,0.5117615
0.0,0.0,0.4974042
609.63257,2925.8433,0.5871687
0.0,0.0,0.46561638
525.96954,2875.1702,0.505705
566.0976,2867.4956,0.52964574
554.46735,2872.0522,0.5273733
472.7729,2868.8318,0.52553093
461.96027,2867.2432,0.5187466
638.82825,2906.055,0.65109444
595.4683,2848.3025,0.5356611
588.1628,2854.8596,0.53302175
579.32837,2854.3853,0.5178248
586.21857,2846.6323,0.5240708
556.85736,2853.937,0.5075303
563.12024,2846.4585,0.5161258
561.8873,2843.4548,0.5204159
625.9659,2923.9463,0.6273897
534.1492,2873.444,0.5064921
490.50842,2856.223,0.5109755
473.32123,2851.4402,0.5096895
510.13684,2842.5747,0.51590455
544.2123,2848.7197,0.50922763
0.0,0.0,0.48670533
578.67444,2837.468,0.5012468
589.28015,2904.4229,0.6204865
597.1292,2882.7446,0.67496866
606.5884,2876.8672,0.68650454
625.9081,2912.0989,0.6470278
580.0001,2847.5981,0.51044023
583.5978,2852.2651,0.5271226
582.06525,2870.2358,0.5274891
577.8495,2885.869,0.5115191
615.853,2875.1301,0.5230212
483.73608,2892.3071,0.5016131
550.0968,2861.7993,0.50902736
583.9786,2850.0588,0.5192049
602.9655,2840.9507,0.5442071
616.386,2840.17,0.5346725
604.0613,2899.976,0.66578454
625.0944,2898.7002,0.63787097
636.7143,2891.384,0.65459615
0.0,0.0,0.49935716
629.82623,2851.8784,0.5160914
661.035,2864.5972,0.5259042
624.7905,2875.744,0.5081306
0.0,0.0,0.49304828
581.5551,2847.099,0.52365285
602.80725,2844.065,0.5504872
604.3629,2835.8267,0.5410757
607.5249,2833.1357,0.52739096
601.7871,2895.5852,0.7048303
594.6177,2886.8044,0.7131103
620.77826,2892.87,0.67911065
578.0188,2841.1663,0.5123989
0.0,0.0,0.4902511
611.4287,2852.106,0.5201208
632.3279,2867.5679,0.51439023
0.0,0.0,0.49742123
571.4036,2869.5674,0.53587025
569.36884,2891.529,0.51138806
0.0,0.0,0.49387878
574.96484,2852.128,0.5130234
536.3816,2854.3472,0.50285065
