187.61449,2894.4502,0.61372197,0.0,0.0,0.008608619
178.85513,2925.918,0.63792175,0.0,0.0,0.009534924,0.0,0.0,0.020921309
195.1376,2942.4922,0.59161484,0.0,0.0,0.025976533
149.9713,2856.3442,0.7303658,0.0,0.0,0.026632944,0.0,0.0,0.0073812376
181.72122,2901.48,0.69747525,0.0,0.0,0.03192783,0.0,0.0,0.035911255
164.3153,2897.418,0.71955836,0.0,0.0,0.019754369
172.86124,2880.1997,0.672568,0.0,0.0,0.020224055
168.66985,2875.6694,0.68603456,0.0,0.0,0.00816089
172.37866,2877.1533,0.68257415,0.0,0.0,0.021633346
172.94604,2884.0925,0.671993,0.0,0.0,0.009726547
134.73926,2835.2722,0.7858213,0.0,0.0,0.011895244
168.29959,2854.4497,0.725325,0.0,0.0,0.008998252
144.3349,2831.2908,0.7698949,0.0,0.0,0.0053905463
175.94911,2891.4238,0.6168438,0.0,0.0,0.008426098
176.9123,2889.0103,0.60570043,0.0,0.0,0.042338964
178.71848,2889.347,0.7907695,0.0,0.0,0.032858618
186.84938,2902.6152,0.786465
172.15279,2877.8745,0.7138773
170.1651,2848.5518,0.73779446
176.59062,2851.0981,0.73451525
178.22867,2867.922,0.7312568
186.0242,2873.5042,0.7361933
185.53958,2865.6528,0.745662
182.55574,2871.3425,0.7681971
188.99548,2851.8894,0.7608004
185.59685,2850.77,0.74209934
183.5132,2832.4644,0.7346406
181.67839,2853.6184,0.7285632
177.10663,2849.3635,0.7377074
174.32571,2845.9895,0.72177976
178.75986,2828.4878,0.7258764
181.66476,2834.9272,0.7337606
187.4234,2842.7986,0.72793317
188.87854,2854.341,0.7242753
185.0555,2867.8125,0.7439508
179.6777,2884.258,0.7523617
182.21387,2884.7222,0.7468096
175.33063,2873.7192,0.76631176
176.40048,2869.4873,0.7711133
171.19916,2875.0437,0.767288
178.98802,2872.5342,0.7465118
174.20483,2848.4456,0.7245555
179.76486,2856.437,0.714218
175.58264,2832.2622,0.7060184
172.93152,2824.7761,0.68928987
174.50478,2808.575,0.6935025
177.78458,2814.0803,0.6865388
174.3537,2843.26,0.70204425
176.08316,2861.7441,0.7195838
172.14987,2864.4104,0.7396106
173.0682,2855.4626,0.7508486
173.26114,2853.1223,0.7648608
174.01039,2862.6177,0.77001154
171.82507,2850.5488,0.76285374
179.63315,2831.6877,0.736779
179.08853,2830.1904,0.71387696
172.42416,2811.7822,0.70979375
171.05273,2794.628,0.6914893
170.38742,2806.2048,0.6989586
172.40125,2817.8296,0.7137306
177.68533,2825.0698,0.7159283
179.6867,2831.3328,0.7215879
182.39836,2855.586,0.73972696
178.51442,2874.6135,0.74230427
173.77933,2855.8757,0.755196
173.32796,2870.2676,0.7640982
176.75562,2861.4297,0.7658892
175.41663,2852.9976,0.75860137
174.38687,2843.3306,0.7457022
180.31627,2839.8574,0.7402144
188.08177,2822.2778,0.7195551
186.47705,2802.6536,0.688448
180.9359,2814.916,0.69982827
183.04152,2832.7751,0.7144559
186.53215,2827.7258,0.7056504
184.44516,2812.2256,0.6852375
189.89459,2823.5632,0.68937016
187.6012,2843.7627,0.7095538
184.75507,2849.3843,0.7179675
181.83908,2851.6377,0.7443542
181.71364,2854.418,0.7567038
185.03435,2862.663,0.7656639
183.26505,2856.2158,0.7607937
187.49483,2849.3984,0.7394444
184.51086,2823.9307,0.7100576
177.3061,2801.3022,0.6923959
176.57973,2802.196,0.6744477
171.63565,2811.4253,0.6827877
172.65903,2833.2446,0.7118002
173.97183,2838.1646,0.7174548
178.3143,2800.1401,0.68820786
182.75806,2816.099,0.70463985
196.2489,2833.935,0.70196325
195.70078,2857.996,0.7128796
196.67752,2864.132,0.7423026
190.17366,2859.5564,0.7609402
195.97499,2844.9402,0.7342563
185.94067,2839.4976,0.73915756
185.57895,2844.8833,0.73517835
189.34364,2843.7769,0.7222464
178.18237,2822.1775,0.6887436
181.0838,2810.045,0.666936
179.55032,2826.4592,0.68434936
179.80185,2822.4165,0.69828194
182.07065,2838.926,0.70556104
171.55658,2815.392,0.7105254
173.06204,2816.085,0.7130602
182.9837,2828.7437,0.71527445
185.21109,2842.3892,0.7228948
176.91055,2848.769,0.72482157
183.56552,2853.4312,0.7598502
184.6734,2857.001,0.76689214
183.57051,2841.686,0.7627494
180.46385,2842.6694,0.7612091
170.59561,2852.5188,0.75782967
168.34756,2838.3232,0.7240929
170.34543,2814.008,0.70361227
179.97119,2786.0344,0.6765245
182.66849,2818.9917,0.68892413
175.03128,2855.7935,0.715049
189.23401,2807.0303,0.66116405
187.07901,2809.6548,0.6817176
193.22427,2818.1104,0.6763738
190.62863,2833.6926,0.7097627
179.76785,2827.1797,0.7233487
176.561,2839.4746,0.74670935
181.27391,2838.1157,0.76428765
183.1793,2845.5627,0.77237093
182.55316,2842.133,0.77615595
177.03943,2833.8687,0.76084954
175.50891,2823.351,0.7610506
173.81836,2814.655,0.73015887
174.51413,2812.8154,0.6720816
181.59764,2805.8394,0.6413381
179.37909,2809.5928,0.6339053
185.22119,2824.0955,0.665008
184.74603,2833.9639,0.69553566
181.68127,2819.5667,0.6932705
183.33119,2839.1118,0.7105918
178.83786,2844.2793,0.70863664
176.12769,2849.6052,0.724622
178.71245,2864.8613,0.7535096
176.61314,2849.7986,0.7589786
175.96094,2850.3713,0.7543075
174.91928,2836.101,0.747883
178.20557,2828.2747,0.7388689
181.83835,2828.059,0.7227789
182.94328,2835.2607,0.7059813
177.98615,2808.2017,0.682966
166.58862,2811.3518,0.6830931
173.98663,2812.3223,0.6928581
170.43604,2810.5828,0.7005057
173.0192,2809.165,0.6950685
179.90225,2810.3723,0.68658227
178.53342,2822.337,0.690812
181.1331,2832.6042,0.71479386
176.89935,2836.4941,0.7463812
179.04163,2837.9478,0.7729139
178.00703,2843.8364,0.76672614
176.67831,2837.1597,0.7690039
176.67032,2829.941,0.7723714
177.13568,2830.6387,0.7450268
177.59653,2810.6555,0.72414774
175.64737,2810.7847,0.6944429
169.13263,2802.0134,0.6907299
177.01776,2811.856,0.7042383
176.94894,2815.3743,0.70492035
181.12021,2823.2085,0.69937193
190.36838,2819.501,0.70741564
194.41951,2844.0269,0.7103578
190.4715,2843.4,0.72816956
185.84464,2848.8486,0.74473
180.1749,2845.1328,0.7558899
181.15521,2848.5886,0.75481516
181.38843,2850.4966,0.7498225
187.0336,2836.1943,0.75878835
183.34534,2835.9453,0.7434748
182.08646,2837.0635,0.7181948
187.8317,2833.2302,0.6960267
183.96936,2819.5583,0.6744516
183.70416,2815.289,0.67647076
175.22925,2809.3765,0.673219
176.15878,2811.369,0.6753673
181.58264,2821.1755,0.6880096
193.04303,2834.3574,0.7007285
191.12096,2846.4734,0.6954074
181.17496,2856.474,0.71204245
185.955,2853.8381,0.7290357
183.48386,2864.4353,0.7230463
183.90916,2858.123,0.7352478
184.96844,2857.273,0.7501266
177.81743,2849.4473,0.7575897
177.60622,2837.7988,0.72987735
182.55011,2816.8171,0.7105875
181.89651,2824.2883,0.67685467
182.56302,2818.4553,0.66698927
183.3771,2832.9382,0.65856767
183.55978,2851.7988,0.6771109
186.85579,2848.705,0.6885098
193.54477,2844.467,0.69317913
200.70032,2851.497,0.69242954
196.72424,2870.9585,0.71226734
181.25513,2872.941,0.7309364
174.58237,2861.184,0.73833066
173.51491,2864.8237,0.7473835
156.91557,2869.5085,0.7300789
167.33972,2868.7346,0.76480937
166.48254,2867.898,0.7511092
171.01955,2871.895,0.74243116
175.16647,2874.5308,0.7321484
173.37346,2854.8213,0.7147419
168.92996,2832.505,0.6870605
163.31165,2812.6584,0.67161256
168.61389,2822.9888,0.6790493
178.50714,2824.1226,0.6861979
181.3128,2812.1567,0.69081
193.83777,2857.4697,0.77751017
180.93396,2834.4912,0.706048
186.59772,2840.5923,0.7323909
186.57254,2855.2358,0.75187767
183.44318,2862.9673,0.75755256
181.94354,2858.0247,0.75828236
174.77696,2837.7651,0.7513278
171.914,2832.461,0.7464381
173.25339,2824.6753,0.7162534
175.73657,2819.4663,0.6929593
172.25912,2800.1697,0.67382246
174.34473,2797.5825,0.67807853
174.72229,2812.4702,0.6892455
176.96507,2820.6885,0.7023615
186.00159,2813.034,0.69024205
189.19943,2834.7305,0.6982748
185.61557,2842.8992,0.72514814
181.09547,2848.142,0.74298465
182.86967,2853.672,0.75402474
182.92636,2864.05,0.7535352
178.62268,2861.7847,0.7501597
172.82559,2849.065,0.74653447
177.22993,2852.6187,0.7242912
179.29095,2827.718,0.6961458
187.66786,2814.2686,0.6680234
189.5951,2823.912,0.6744308
194.9042,2819.3252,0.66650516
194.5438,2828.7197,0.67475146
197.30032,2823.596,0.67157704
197.36636,2829.8384,0.6759784
191.54897,2845.1064,0.69469905
183.87393,2851.445,0.70807815
179.95963,2867.63,0.7358651
182.65918,2871.499,0.752807
187.66647,2859.5154,0.74902767
186.98486,2865.622,0.74950945
184.63644,2850.4602,0.7399644
184.9903,2834.3135,0.72410405
187.60406,2841.7563,0.7100996
186.87538,2820.1902,0.66581845
176.43677,2808.2173,0.65780157
170.29694,2811.6616,0.65970707
170.03394,2806.351,0.67860264
184.04749,2809.5405,0.68541163
183.39456,2813.2883,0.69351596
191.11015,2820.5662,0.6926803
189.85002,2831.4866,0.699506
188.0543,2864.6328,0.7261646
198.9911,2865.4211,0.75307655
187.74243,2869.4768,0.7607401
185.73938,2860.2783,0.7540438
186.61856,2853.1191,0.74110204
188.11821,2855.1436,0.73416054
191.4619,2841.2249,0.70778704
192.523,2829.793,0.67066264
186.57289,2822.9695,0.65558875
186.53004,2838.5928,0.74253345
185.35782,2841.8064,0.7536592
189.17322,2829.7605,0.68412244
192.84378,2830.0996,0.67818946
190.77899,2845.398,0.67677706
187.21484,2864.9312,0.70136684
191.18396,2884.0542,0.71248615
183.55005,2870.198,0.72488844
185.07994,2868.104,0.73587924
187.4078,2860.6023,0.73471713
188.83472,2851.412,0.7377789
185.32329,2855.4482,0.72952914
178.71149,2848.8552,0.722172
182.15149,2840.1333,0.684047
189.49002,2831.7131,0.7345466
190.29735,2832.1335,0.73107314
189.75677,2818.3208,0.75018924
188.15555,2800.689,0.69154805
189.34125,2809.7617,0.69229394
190.8454,2827.1562,0.68981296
189.40508,2856.0095,0.69626343
188.06989,2866.1216,0.71937203
183.89075,2865.6294,0.7383935
178.99503,2866.9,0.7410511
177.22281,2866.0276,0.7527679
176.56812,2863.4731,0.75434846
177.8132,2855.596,0.7435255
176.592,2851.914,0.7355951
185.51033,2835.864,0.7122607
186.28258,2817.293,0.67390543
180.60612,2799.4082,0.6705666
179.10886,2807.04,0.66554534
181.2832,2805.9707,0.67552054
187.76765,2807.8071,0.70014614
189.81734,2810.859,0.69290274
199.89088,2828.7153,0.69714993
192.8617,2842.6963,0.7021223
186.17749,2855.049,0.71838266
182.14694,2860.9429,0.7514113
179.71664,2875.3508,0.7500558
176.60477,2868.3457,0.74869746
176.74255,2864.7725,0.75044215
181.08328,2848.2769,0.74318236
184.55713,2860.492,0.7260189
178.38104,2846.856,0.69563615
176.64096,2809.2258,0.65923274
178.23482,2804.2012,0.6617804
175.19647,2820.2112,0.69182396
185.69215,2815.6812,0.69702435
197.08063,2820.3933,0.68828416
195.33301,2843.9644,0.68863434
190.15897,2839.5396,0.690759
183.81085,2846.4868,0.7206606
185.85791,2860.086,0.7465232
187.16835,2873.046,0.75102186
190.7425,2866.3352,0.7412834
189.29053,2852.4043,0.7376947
194.42757,2841.3374,0.73157036
196.80453,2847.626,0.74410015
188.36398,2839.2507,0.719428
185.2082,2817.0918,0.697757
188.72118,2797.7766,0.6715562
187.63864,2801.2056,0.6759279
188.16399,2804.1128,0.6750643
188.4328,2821.2075,0.6888324
188.23889,2812.127,0.6869538
196.1926,2828.2437,0.68996614
193.4201,2852.0378,0.71218973
194.64194,2858.281,0.7271144
193.89098,2863.5454,0.74894005
194.5947,2872.2644,0.7583573
187.90288,2867.7744,0.75401634
185.44698,2863.4976,0.7559165
176.89374,2857.3552,0.7466299
179.4108,2851.135,0.72901183
182.40631,2845.0618,0.71933144
181.03065,2813.3804,0.68749905
185.94696,2807.1584,0.68293643
191.02112,2813.9673,0.6988496
202.3912,2831.0857,0.7151557
207.36072,2830.891,0.7196418
201.37915,2836.168,0.7339963
202.18326,2866.6538,0.73385996
195.91568,2854.683,0.7385888
195.85953,2874.2854,0.757908
187.90443,2869.3562,0.75385225
184.64688,2856.565,0.7544718
189.1658,2852.8228,0.7178816
184.81577,2854.167,0.7226778
189.50455,2839.2637,0.7237492
197.12251,2831.4016,0.6919285
188.55849,2832.4038,0.68060964
186.19638,2841.292,0.6822123
191.5801,2835.9087,0.69878256
188.52707,2831.8237,0.7041241
188.98386,2825.0337,0.70993525
188.47076,2830.18,0.6954452
187.77661,2836.8008,0.695667
181.04126,2851.0,0.72102463
187.94107,2858.081,0.7475112
190.88045,2862.994,0.74931943
189.0003,2845.8198,0.7447351
187.60858,2841.9868,0.7546887
188.16452,2834.7793,0.73710954
190.8948,2841.1196,0.726964
189.46744,2826.4795,0.7147968
186.77148,2841.7053,0.7123049
191.10248,2834.4001,0.69975686
190.90894,2822.7935,0.69830394
192.0271,2807.438,0.7084037
190.2046,2804.5872,0.70898414
192.38722,2812.7808,0.70263493
187.88686,2805.852,0.707813
182.70845,2821.1611,0.7156049
179.64182,2834.2236,0.7491177
178.69789,2820.9785,0.75745356
181.7607,2814.371,0.7525844
184.11035,2809.0508,0.75657374
186.36002,2809.9238,0.7522015
182.05649,2809.1587,0.73843795
184.6555,2801.2993,0.7307533
185.25385,2771.0896,0.70815927
187.7872,2785.8008,0.6853172
187.54198,2786.185,0.6719437
186.16507,2798.6506,0.6742531
184.24036,2796.9653,0.6896419
190.99606,2788.5723,0.6720302
183.79738,2806.98,0.6835761
184.43042,2806.3992,0.69319695
187.7703,2830.8142,0.7142426
195.69708,2860.9004,0.74076533
197.00562,2859.2793,0.7401355
190.19305,2849.3354,0.7338482
190.81104,2849.0164,0.7346144
190.75333,2838.3892,0.73083276
186.08823,2840.5935,0.731528
178.56876,2838.601,0.72028786
175.17897,2867.2573,0.70577896
171.2157,2878.1816,0.69895077
176.72809,2868.789,0.700997
181.03665,2832.8223,0.69514143
189.68411,2820.7754,0.6869949
185.07889,2825.4084,0.7026312
173.40468,2864.2957,0.7190993
167.33405,2875.591,0.73681146
166.1558,2884.7732,0.73390216
164.36046,2897.9814,0.75029165
165.67003,2902.641,0.7660519
172.97867,2891.5815,0.7564785
170.9194,2904.4985,0.75400645
168.16522,2904.7466,0.7541391
165.15393,2914.1895,0.72719777
170.1734,2911.955,0.72799194
166.56415,2884.569,0.7417703
168.80533,2894.4346,0.7634089
167.61736,2886.7385,0.75498974
166.03375,2876.7485,0.7536409
165.06738,2876.7844,0.7272977
161.87314,2898.7444,0.71666497
166.7799,2930.6519,0.741296
167.2562,2900.5757,0.73379964
167.98148,2893.8555,0.74902207
164.13947,2890.0806,0.74228793
163.41994,2872.767,0.718847
156.43427,2879.0757,0.72055346
161.14137,2928.6497,0.6756312
160.04697,2916.7173,0.6382331
122.72763,2863.2915,0.70855564
128.48712,2858.6992,0.7241628
158.92834,2893.9258,0.7071115
158.40541,2876.3386,0.7099014
151.80624,2873.1318,0.7123827
118.85257,2872.9062,0.7323241
111.773254,2897.9036,0.7416127
138.90376,2922.1218,0.79152685
146.19781,2929.052,0.6833524
128.56476,2931.4873,0.7802291
123.976135,2902.901,0.7389202
126.20741,2892.8977,0.71974033
120.06681,2917.6812,0.60750794
125.27875,2922.186,0.59938914
132.17639,2897.5586,0.58865994
131.2429,2906.4531,0.58046013
132.72734,2906.1003,0.5885561
137.3194,2904.4272,0.58872706
133.87732,2896.0488,0.5991728
130.60535,2929.0654,0.61257005
119.75363,2887.4766,0.70298433
121.93153,2892.213,0.7015719
127.6311,2873.1423,0.716493
130.08925,2855.8257,0.71230066
131.95953,2856.8223,0.7264938
143.46556,2855.2036,0.76331484
144.40723,2886.8674,0.6988627
138.16017,2886.8127,0.73560786
141.98666,2883.223,0.7152672
140.86171,2863.9983,0.69063383
151.2394,2919.4463,0.5791272
131.26328,2900.7883,0.6818193
155.9008,2926.9412,0.6738443
159.29965,2898.2148,0.77459323
153.66774,2864.5342,0.7057569
144.80067,2886.565,0.70931876
146.12787,2889.7678,0.71210563
149.59543,2884.6687,0.7295478
154.93542,2908.0068,0.7230707
152.61511,2895.198,0.73928136
144.57619,2905.0647,0.7326223
150.87997,2903.8892,0.74108094
148.43527,2903.5613,0.7412236
145.95209,2886.6042,0.73218554
154.24942,2881.6177,0.72527677
160.8649,2879.017,0.6960376
165.51831,2882.4382,0.6792774
169.60141,2887.8442,0.6881356
169.15187,2881.4458,0.6882598
169.36859,2863.089,0.68878967
169.43523,2860.8093,0.6995649
170.06479,2888.541,0.7156134
165.26976,2896.8716,0.716219
157.79324,2895.9775,0.7547566
158.09377,2891.3496,0.754652
159.76813,2886.2773,0.76273537
160.50275,2894.7188,0.7671874
164.7047,2896.9429,0.7657901
165.40567,2884.753,0.75815755
171.57407,2900.9707,0.7548702
172.26859,2895.1099,0.738475
171.61642,2861.1782,0.7084173
170.20343,2855.5508,0.68826985
171.56662,2850.42,0.6844921
171.27718,2865.2607,0.7060619
171.22884,2880.6792,0.69988024
171.45963,2893.3965,0.6982001
172.15967,2927.1362,0.71976656
175.02823,2899.1711,0.73227394
168.103,2900.7104,0.74379784
163.83504,2896.5264,0.76129174
164.20354,2892.0312,0.7520684
160.99956,2893.195,0.7473873
166.62408,2881.1208,0.7432825
165.73558,2899.1992,0.74125254
161.45764,2898.2732,0.7104426
174.14737,2948.941,0.67071337
178.47723,2947.3894,0.65953237
172.6258,2968.9688,0.6701135
161.91953,2885.2842,0.6863806
170.73505,2868.2773,0.6943285
175.13223,2872.3823,0.69157785
167.41522,2902.3955,0.6936786
167.10585,2906.245,0.70808285
155.86493,2917.5415,0.7136339
152.88174,2898.412,0.74205947
148.58038,2899.8655,0.7638728
154.44565,2896.4836,0.7630608
154.25908,2896.4395,0.77015054
153.23964,2900.7742,0.76185095
160.04651,2888.1775,0.76290596
163.21165,2863.42,0.72549456
159.41037,2860.1772,0.69492304
161.47508,2851.4304,0.68316233
155.72556,2855.6055,0.6725553
164.16985,2846.2026,0.6829639
162.72617,2846.8083,0.684708
159.7262,2852.7527,0.6939822
156.29874,2885.0933,0.68868595
158.54755,2897.4902,0.6973481
152.9322,2906.2114,0.6949172
152.29102,2925.0989,0.71363
152.36362,2904.999,0.7420546
149.5719,2897.2126,0.73310626
133.9856,2894.9937,0.7188673
134.6494,2902.1777,0.706372
140.67622,2889.7278,0.70097077
152.2778,2892.4116,0.6748639
159.22906,2885.8738,0.65482277
151.67407,2905.2363,0.6409817
158.70671,2868.995,0.63841325
167.12827,2875.022,0.6567958
173.77231,2845.6965,0.670153
167.58147,2837.9275,0.6752007
166.59897,2847.7866,0.6728042
172.23953,2908.259,0.67830694
168.55312,2893.141,0.7235719
164.95523,2890.0742,0.73193127
166.05446,2873.0188,0.72281086
169.80345,2885.6052,0.7257055
181.65788,2870.8992,0.73658967
188.35718,2857.3594,0.7126028
197.5036,2834.9065,0.75180185
188.93677,2857.3496,0.75362504
177.9543,2846.6545,0.72739434
180.35263,2850.3755,0.6971779
179.71085,2842.1602,0.70088273
184.33978,2830.0288,0.67964107
192.99704,2828.7583,0.67040294
193.11057,2852.8115,0.7067133
197.33647,2863.5493,0.7124213
187.5214,2871.5046,0.72601855
157.57632,2897.921,0.740818
157.28867,2888.6143,0.7384666
155.28099,2865.6604,0.7480192
156.6498,2865.48,0.7239592
163.80728,2881.016,0.70933336
177.65671,2854.5586,0.72646123
168.59888,2905.2322,0.68521935
187.27924,2938.6274,0.63858956
230.91138,2997.7847,0.5899947
240.40884,3008.4998,0.62669307
224.24744,2955.068,0.6152338
211.9839,2925.9392,0.6136421
201.67534,2903.6318,0.62629914
186.5134,2898.0034,0.6707948
201.42659,2903.8496,0.6762741
177.84076,2891.32,0.6892456
176.28629,2882.6228,0.72718424
169.41327,2888.7239,0.7424273
185.88632,2868.9775,0.75600284
188.30978,2860.9507,0.7421658
184.90161,2859.3035,0.7252981
178.53181,2853.2336,0.6952385
175.6284,2859.4287,0.6610667
180.01973,2884.9736,0.6497886
193.60268,2923.828,0.62109303
192.75778,2912.4436,0.64568144
195.0556,2904.7625,0.646089
197.87503,2880.3813,0.6577861
198.97188,2896.8906,0.6481234
185.76636,2910.3442,0.66672575
189.22699,2883.2803,0.72351515
189.34961,2904.2166,0.7318114
196.64442,2904.5247,0.7228011
199.4862,2924.445,0.7202837
197.35571,2919.3376,0.7343692
195.49203,2938.021,0.71684164
195.18253,2972.3132,0.6930442
173.31055,2933.0732,0.68143016
176.46228,2914.0999,0.6917578
201.11041,2986.1978,0.6670043
199.47272,3005.4724,0.70673877
192.9208,3008.0486,0.6774144
259.61514,3093.669,0.6698871
296.11316,3134.5698,0.68866956
248.92102,3121.152,0.59340614
260.11188,3104.897,0.63885856
204.85803,3002.0676,0.658219
197.54675,3015.8665,0.6676822
174.22289,2955.4478,0.6931632
169.35037,2963.9468,0.6964683
172.81525,2964.8635,0.69581145
169.58615,2959.3496,0.69556
163.77708,2921.4194,0.67313135
184.36627,2962.7734,0.66508675
191.28722,3003.1055,0.6896209
177.31421,2939.3696,0.68405694
173.29399,2889.8765,0.70178384
179.12451,2900.876,0.71182513
174.5282,2874.8176,0.6873786
173.06891,2879.954,0.6677566
169.00504,2882.7444,0.69700974
173.01877,2881.0908,0.7129934
181.58572,2855.4736,0.7330497
195.90706,2844.306,0.7317149
188.55753,2852.3042,0.74507046
189.29865,2858.06,0.72447866
208.00806,2844.3054,0.7048123
203.74214,2846.7295,0.7035447
206.54068,2840.9138,0.6794549
210.95663,2807.276,0.64105386
210.50412,2819.803,0.6015925
201.25319,2827.0173,0.62296456
204.08276,2842.0408,0.63280326
203.50381,2861.6335,0.644694
205.5179,2923.0803,0.6478206
200.92715,2912.2275,0.68124145
194.79123,2903.2964,0.72502106
191.70273,2900.4543,0.74213535
199.29268,2893.747,0.7703112
191.62262,2886.4575,0.72417694
186.69113,2888.9172,0.7406388
188.49696,2876.0781,0.7162484
185.19354,2880.8108,0.6839201
190.84628,2887.7778,0.66674995
188.06546,2920.1538,0.6947883
187.04324,2925.4358,0.70751613
205.23972,3007.17,0.7152456
196.37888,2911.6357,0.70038956
183.5512,2896.2227,0.6940466
195.80008,2959.3208,0.6692284
190.34569,2915.5815,0.7252098
191.34604,2906.5554,0.719212
184.90407,2919.433,0.75025475
180.40567,2935.0674,0.7501218
184.05338,2916.2766,0.7501767
185.38287,2901.4048,0.7336332
192.59514,2888.0098,0.68978137
202.12665,2850.3564,0.7203218
200.5126,2874.6382,0.69795394
209.5776,2941.5317,0.649357
234.24963,3001.4888,0.6219589
255.87363,3009.2883,0.6031353
251.89485,3002.229,0.65067047
222.57785,2915.981,0.6620785
216.68286,2868.3872,0.66938084
209.73921,2899.9136,0.6785311
197.80275,2882.4556,0.7224273
191.81873,2903.3462,0.6865368
182.08269,2903.8384,0.70129323
174.27304,2920.445,0.701593
172.08539,2929.268,0.7065807
190.75914,2920.8906,0.74990475
186.30933,2880.1694,0.7376578
187.97421,2892.1326,0.70707697
197.70007,2897.1055,0.6460434
206.95047,2886.3772,0.648457
206.17589,2888.5332,0.65205353
226.69577,2956.2974,0.6438208
219.09344,2937.5635,0.64961797
197.87668,2922.6877,0.6663382
186.98227,2912.384,0.699941
191.55002,2887.3882,0.7441868
188.58191,2908.0828,0.73044086
179.46176,2917.604,0.71278656
171.88162,2933.872,0.69821054
186.88919,2914.0056,0.7434369
185.51024,2904.4182,0.72375023
186.82237,2896.6987,0.7302868
190.0377,2907.206,0.6880025
197.3982,2953.803,0.646343
258.72485,3048.0098,0.6427661
268.739,3033.3215,0.62432164
254.1171,3006.6733,0.62907565
219.02597,2957.653,0.6446367
193.73114,2884.2925,0.68019104
187.77914,2883.5222,0.68875635
190.673,2886.0405,0.7184589
178.7062,2923.0762,0.71981555
173.6648,2929.5386,0.73735887
169.59874,2921.085,0.7433462
185.32898,2919.7876,0.7618038
182.06558,2910.8474,0.7425993
182.0162,2887.0566,0.7520902
181.79523,2909.111,0.7067405
179.12671,2888.7505,0.69766337
182.29967,2880.6338,0.6898472
172.79239,2869.326,0.691884
186.01012,2863.649,0.68798584
186.5643,2897.2769,0.67949456
183.55615,2842.0571,0.6749311
180.08926,2846.0308,0.68931466
172.67694,2852.8726,0.7151476
159.4642,2890.159,0.7316419
152.05844,2900.1206,0.7514147
158.89383,2900.254,0.74866843
158.16104,2895.907,0.7309889
165.78072,2894.7886,0.7191397
174.75078,2872.5625,0.73842263
173.9682,2897.9946,0.6961513
172.7498,2891.1887,0.6682499
206.46182,2973.6287,0.6271035
191.16452,2910.0269,0.6312423
193.43909,2880.621,0.64067787
209.2056,2873.413,0.65262264
200.50575,2862.0286,0.65737724
202.60156,2848.0515,0.6635832
198.7451,2889.1375,0.69819254
214.38716,2876.772,0.7054613
208.38483,2864.063,0.74152434
199.56546,2877.8413,0.7471772
192.85817,2877.585,0.744912
198.80154,2866.3203,0.73645955
205.02106,2870.712,0.7186838
216.0861,2847.635,0.6908382
216.67972,2818.952,0.7319394
208.08557,2818.0254,0.7047396
214.05045,2816.9868,0.6512131
213.58633,2828.5684,0.64237905
219.95523,2806.8809,0.64892125
217.45462,2828.2937,0.6679104
214.96191,2845.5137,0.6795527
232.25708,2859.4353,0.68236446
231.38649,2929.4163,0.66576415
221.9878,2940.25,0.7202165
246.79361,2927.62,0.73582333
234.75146,2924.3108,0.73258644
238.69968,2931.1091,0.724742
214.53238,2957.6929,0.67239505
243.75563,2944.3088,0.68602175
287.7739,3015.0671,0.67360485
225.9512,2960.6409,0.64152026
226.12177,3020.3652,0.6220909
214.9613,2987.602,0.61891836
214.8023,2956.1577,0.6303942
222.55667,2961.9414,0.6220888
200.86151,2898.4468,0.6439199
201.86156,2934.6274,0.66311145
183.14783,2927.803,0.6866303
177.3019,2951.375,0.67097396
166.94815,2976.439,0.7000046
165.72314,2993.5598,0.70503855
165.75916,2971.6072,0.70530933
164.28528,2976.4575,0.69788426
169.92786,3000.5608,0.6813938
204.08199,3035.3281,0.70047253
197.5441,3023.0103,0.6745442
221.31477,3044.1558,0.6016023
177.5143,2956.822,0.6091459
170.66898,2943.8076,0.622684
178.16748,2942.7878,0.62955654
172.0854,2924.4355,0.63603413
174.00407,2936.7744,0.6325148
165.4805,2926.0942,0.64894015
158.17058,2934.9248,0.6683527
153.2663,2934.1987,0.6963305
160.89996,2919.0503,0.71669245
170.40796,2914.369,0.7304906
172.40271,2912.1333,0.73290884
163.637,2909.781,0.71703583
163.94815,2919.395,0.7015091
161.23679,2894.4963,0.6640132
165.3339,2914.595,0.6338354
182.29556,2985.4072,0.60698783
176.94989,2868.9395,0.6157423
184.4389,2867.1296,0.66183513
195.94864,2892.3618,0.66614604
197.42075,2876.6692,0.6457817
195.9079,2887.5,0.6347862
203.06793,2884.7231,0.6417544
201.03195,2907.414,0.6620179
204.64238,2919.232,0.70936584
198.56342,2900.5056,0.727153
192.47452,2879.031,0.72915137
198.76021,2867.0352,0.7294448
198.60352,2858.561,0.7115805
202.80798,2846.5483,0.6870129
204.35791,2824.3442,0.6775111
209.36511,2833.3828,0.6642945
199.77142,2848.7305,0.62212557
198.30591,2848.75,0.6082299
188.8598,2834.6387,0.650721
187.97302,2818.359,0.652841
200.07642,2811.1318,0.6430107
196.27835,2827.6094,0.65824413
187.82726,2839.3064,0.66910213
196.39998,2861.4622,0.69851434
195.57559,2871.8877,0.72193784
196.38661,2875.0044,0.7445148
203.12636,2856.796,0.75154567
199.7095,2844.2522,0.7407635
188.03961,2846.1187,0.72190917
185.85315,2832.2002,0.71423405
185.77757,2828.916,0.7222131
184.31729,2817.252,0.67934436
179.40514,2801.674,0.65496653
168.9663,2796.9194,0.6814082
164.61845,2803.941,0.6889303
162.575,2807.1765,0.68650305
167.33456,2814.279,0.6889328
170.56288,2821.8447,0.69258916
176.60144,2844.8372,0.7432254
177.81203,2876.5845,0.7397358
185.37573,2865.2263,0.762576
172.98721,2882.4907,0.74571335
177.2077,2874.831,0.7784571
176.68582,2865.2698,0.76583743
178.70587,2857.9766,0.75134933
177.19998,2850.2139,0.7273241
173.55148,2865.3044,0.7066719
162.31078,2851.748,0.6607449
163.0486,2824.9502,0.65551543
165.4155,2836.18,0.6604849
166.58469,2847.8298,0.65729153
158.93633,2853.8926,0.64913964
156.40242,2855.2273,0.6543503
172.5545,2899.816,0.69079405
170.23267,2888.9214,0.723191
175.70375,2939.6997,0.72378063
153.86526,2934.2595,0.6826018
171.33719,2928.975,0.7249001
164.50012,2924.5051,0.694999
172.27748,2918.6846,0.69928014
171.47273,2894.5073,0.69955665
164.01071,2869.9312,0.65873086
172.61685,2909.746,0.6069636
194.36897,2923.461,0.5967132
195.00005,2913.7737,0.6053263
180.18439,2877.843,0.6310617
187.0809,2875.2444,0.6476905
175.9162,2912.1558,0.67420685
173.65915,2927.1616,0.6843423
168.0185,2927.4634,0.7358003
175.49585,2918.1934,0.7405917
189.82137,2924.847,0.7206181
188.02814,2925.132,0.71642077
180.93478,2953.7605,0.68798155
173.57932,2928.9797,0.70903903
184.42139,2923.3374,0.6661037
171.7507,2892.5452,0.66896003
175.31044,2906.3418,0.65290266
175.71976,2912.1616,0.67513764
168.72302,2907.9043,0.6990257
174.98212,2873.9927,0.7175433
172.74463,2868.313,0.7089939
169.09401,2878.4158,0.6962976
172.6658,2860.8684,0.6890704
174.93307,2883.0151,0.69834685
173.42848,2883.028,0.7342874
174.485,2877.349,0.7250543
170.97733,2877.6426,0.726721
169.60634,2849.8035,0.7405654
163.07312,2838.483,0.7428969
160.75848,2844.3076,0.71249115
159.66006,2844.638,0.7067602
169.84619,2868.1377,0.783503
146.5334,2815.9749,0.70590955
168.31087,2882.3496,0.80547714
158.51344,2843.0122,0.7139637
165.25131,2832.0195,0.7091978
162.78381,2862.175,0.6865937
159.34547,2863.5723,0.6943863
156.76257,2865.4624,0.71535486
156.76035,2886.064,0.70866776
159.90057,2880.0513,0.7253074
162.10605,2895.708,0.73601854
163.14929,2854.6475,0.7537912
151.9631,2838.291,0.75244176
142.91043,2837.25,0.7492187
141.25218,2828.9624,0.7238457
