866.2821,2883.0508,0.9921639
864.16974,2885.401,0.9926507
865.3887,2888.2205,0.9924677
868.8955,2907.8127,0.98775035
856.9001,2924.8691,0.97954637
845.8639,2940.8335,0.98257244
840.9481,2999.191,0.98247623
841.00854,2998.9072,0.9827176
832.9149,3017.1643,0.98661035
829.76587,3017.535,0.98702884
826.9785,3016.6665,0.9888565
827.2362,3003.5205,0.9888919
826.3977,2997.3408,0.98925936
830.4697,2997.1533,0.969478
846.4301,2966.467,0.9823412
848.61206,2933.958,0.99288976
857.9092,2932.3452,0.98674196
854.3042,2931.5454,0.9830793
845.1244,2936.8337,0.9761028
856.7067,2932.6992,0.97913593
862.64685,2939.463,0.9777249
859.1974,2938.3662,0.977617
859.40607,2937.0615,0.97601104
864.9169,2938.8887,0.97095954
854.9859,2952.2866,0.9643061
863.6585,2989.6152,0.9784483
862.1532,3032.3955,0.980552
860.636,3032.8928,0.98056316
845.91595,3021.025,0.9838186
851.5001,3017.987,0.98429966
867.6886,3004.0913,0.97746503
868.90906,2974.8433,0.9837928
870.0723,2976.8218,0.9838657
882.8104,2965.2842,0.976719
862.18945,2946.7263,0.97557664
869.01184,2944.5684,0.97528106
871.03436,2937.6487,0.97436744
893.5891,2935.0884,0.9813632
878.9293,2944.9377,0.9734963
901.3168,2949.9888,0.9825696
873.299,2951.4653,0.9864829
856.7245,3006.3345,0.98443025
857.2748,3004.8364,0.9849245
849.9897,3026.2974,0.9809745
854.73645,3025.0596,0.98341125
873.9625,3024.3723,0.9861957
885.1432,3022.4102,0.98175365
885.5303,3024.656,0.98219866
882.0387,2977.6763,0.9835089
896.0887,2972.0483,0.9769786
864.7542,2958.0596,0.97379375
873.9292,2953.493,0.9750165
876.03644,2945.461,0.965691
878.4292,2946.4353,0.96999276
878.9643,2943.023,0.96582806
881.0343,2952.7144,0.96170795
899.2806,2955.8616,0.9781034
878.2564,2959.5547,0.96313816
890.06824,2970.8577,0.9783644
878.4593,3021.6772,0.97492415
874.61554,3053.6914,0.9784655
881.6925,3054.8003,0.97853523
881.13855,3052.355,0.9795895
878.9519,3056.4375,0.97482127
890.13043,3039.9006,0.9776995
890.3787,3006.5442,0.98351073
890.56067,2975.4678,0.9779685
891.7252,2977.1528,0.9772915
882.00415,2963.3271,0.9594129
887.79,2945.6829,0.9645929
891.1269,2948.3743,0.9647131
891.37445,2959.5508,0.96234727
888.0789,2955.7876,0.96661055
907.515,2961.434,0.9717311
900.87244,3006.3857,0.9752176
885.3967,3036.9502,0.9769711
880.0106,3064.7056,0.9739976
879.45465,3064.9963,0.97433823
879.1701,3063.962,0.9702556
882.9278,3050.438,0.97662354
891.8812,3041.1895,0.9736424
899.8125,3020.9219,0.973794
899.6404,3021.1914,0.97363436
895.0979,2999.179,0.9722865
905.97,2972.441,0.97916746
892.86597,2968.1987,0.95982397
892.3319,2960.9353,0.9656899
910.99585,2953.3813,0.97895753
906.8419,2950.5042,0.97868365
909.1888,2949.1055,0.9740427
903.3202,2969.721,0.9827436
905.8978,3012.1343,0.9766531
905.42505,3012.795,0.9772341
894.8064,3054.5112,0.97732794
880.0752,3069.4624,0.9751879
880.749,3059.7485,0.9781321
893.681,3052.8699,0.9749376
893.64026,3052.2175,0.97521925
902.7914,3036.6143,0.97227263
898.38086,2999.8308,0.9792956
903.55664,2968.3457,0.97842544
912.61975,2942.4746,0.98430276
913.83203,2944.2896,0.98389894
897.5946,2932.5305,0.9730521
914.2423,2929.596,0.98321676
913.42474,2939.3823,0.9818233
883.94403,2995.808,0.9606192
883.3447,2993.272,0.96136856
918.397,3035.6733,0.9716915
907.18854,3062.858,0.9723045
898.6859,3058.3235,0.9682224
902.2262,3062.9116,0.97066337
902.4606,3061.072,0.97179633
908.9742,3044.6887,0.9744589
910.24915,3016.8762,0.9724036
909.0884,2988.081,0.9809217
886.4629,2960.399,0.96066946
885.3639,2956.0708,0.9609982
913.1504,2950.3613,0.9854034
906.9392,2951.3167,0.9639613
905.53516,2949.9702,0.95885134
907.42676,2966.6602,0.95902765
907.16016,2965.9458,0.960441
908.72363,2985.7422,0.98328316
911.3824,3039.1826,0.9701769
901.2801,3058.3733,0.97075486
896.3685,3053.253,0.9712385
895.46173,3052.1904,0.9716061
898.7106,3054.5864,0.9692425
904.4317,3037.0652,0.9676875
905.3668,3019.3003,0.9657386
908.341,2987.3005,0.97949505
911.2037,2988.652,0.9804844
905.8961,2981.1167,0.96134156
930.34607,2956.997,0.9825935
910.8552,2961.5198,0.9672558
921.44946,2948.9424,0.9809388
920.5205,2947.108,0.9813198
917.9508,2953.3735,0.9815183
910.51746,2965.1858,0.97245264
907.2442,3011.642,0.9700693
886.75354,3052.7642,0.97212696
886.8651,3053.1558,0.97221607
872.38403,3080.3315,0.97687465
875.6779,3076.9834,0.97584605
878.38245,3061.1628,0.97697073
888.9136,3051.2136,0.97680354
890.7431,3050.6196,0.97714055
902.768,3038.2441,0.97588784
909.1354,3015.4229,0.9696396
916.77466,2983.7087,0.98353034
916.30725,2962.9163,0.9832773
917.1366,2963.1106,0.9846933
898.04865,2970.161,0.9705902
919.2405,2969.6802,0.98425657
913.9336,2972.5034,0.96847165
899.6629,3012.9868,0.97276074
899.766,3011.4434,0.97352594
887.8955,3063.012,0.97230566
880.9598,3066.7363,0.98359805
877.9378,3062.6802,0.98604125
878.894,3067.653,0.9571132
877.797,3061.8213,0.9752841
893.69055,3049.8157,0.9738278
893.9275,3035.744,0.97335976
896.29706,3011.2583,0.98239684
905.19666,2980.663,0.98341286
907.0505,2983.0442,0.9835169
893.5039,2973.1487,0.9732935
895.3233,2962.7832,0.9652384
899.4602,2956.3472,0.96458536
915.022,2955.5088,0.9847319
915.7783,2955.8982,0.9850663
909.01776,2990.995,0.9750886
889.4188,3036.701,0.97483647
874.7276,3076.8567,0.9755368
875.53986,3075.1343,0.9705551
874.55804,3075.622,0.9716551
870.11206,3067.2449,0.9753794
877.3507,3039.849,0.980586
887.0265,3026.221,0.978766
888.5678,2998.9927,0.9691347
889.57214,3000.1362,0.9699818
874.0547,2988.6846,0.9524173
881.42725,2958.7783,0.96518487
888.0432,2939.371,0.96349573
884.5991,2917.41,0.96503854
884.78174,2916.0952,0.9640688
891.19824,2936.5122,0.9606978
905.4146,2953.643,0.97500527
898.44415,2987.2559,0.9672239
887.5102,3024.788,0.97128886
888.1562,3024.9507,0.9692216
869.34595,3061.319,0.9758868
865.4147,3063.6638,0.9716086
878.36755,3066.855,0.97533834
888.6223,3045.2178,0.97754544
889.4965,3045.8171,0.97724915
897.546,3022.9736,0.9709042
903.9691,2997.666,0.9733949
890.9081,2982.3264,0.9551338
897.0833,2963.593,0.9613243
897.60645,2962.6777,0.9616419
906.24097,2961.3071,0.95022357
901.71075,2949.7385,0.9607775
896.3357,2947.7473,0.95920736
897.86096,2947.7144,0.96027464
884.20215,2962.88,0.97072756
892.9105,2993.0063,0.9743391
869.02094,3034.4731,0.97765094
884.79803,3073.3264,0.9772106
884.7871,3075.6255,0.97763216
899.2,3078.3772,0.96927816
897.07635,3064.724,0.9715778
896.8808,3047.2056,0.9826498
902.1187,3019.9414,0.9807458
902.9533,3015.7087,0.9829798
886.88544,3009.3066,0.97297317
894.3994,2987.4485,0.95906216
893.3401,2948.0679,0.98538834
889.51794,2953.03,0.9852036
890.72034,2966.9102,0.96718407
886.76074,2966.4775,0.96479213
883.91785,2969.4272,0.97140086
891.13184,2979.8093,0.9849231
864.96185,3016.0908,0.98076904
864.99664,3017.391,0.9809372
859.2237,3064.0896,0.97949445
867.65607,3060.4453,0.9749669
870.80835,3052.8071,0.97720325
877.6335,3041.3418,0.97873473
876.73334,3040.3794,0.9787355
891.8033,3029.788,0.9747457
893.6204,3002.0059,0.96582264
888.88495,2964.626,0.97905755
887.3458,2958.927,0.96841866
886.86975,2960.8472,0.9691551
892.9501,2950.3718,0.9662846
897.4153,2937.983,0.97980344
890.90515,2944.754,0.9774943
880.359,2965.4731,0.97897285
879.45795,2966.4158,0.9788972
862.3967,3010.839,0.9812827
862.38196,3041.6226,0.9793522
862.68274,3040.02,0.9789852
847.18726,3028.727,0.9830511
847.2691,3028.7163,0.9838276
856.6408,3009.4053,0.9840853
857.63086,2990.71,0.9846636
863.0145,2966.9614,0.98241204
872.5653,2948.2979,0.9813603
873.38074,2951.9727,0.98183376
886.99347,2935.836,0.98267615
889.8086,2933.2427,0.9845643
887.70044,2925.9272,0.9826561
887.29834,2930.774,0.975368
888.32336,2932.2578,0.97646934
875.51,2942.3882,0.977466
857.94855,2986.7122,0.97954285
863.7612,3030.2866,0.9807544
865.6842,3057.4463,0.9761094
865.008,3055.8076,0.9762071
863.235,3049.0103,0.9766451
862.1772,3033.1733,0.97728294
864.2604,2989.7427,0.98232967
858.1575,2973.253,0.983352
858.8668,2973.5645,0.9831375
871.09717,2950.6055,0.9829691
884.69165,2933.5198,0.9821165
890.8799,2929.263,0.9855767
891.3563,2926.1272,0.985297
892.4639,2925.498,0.98507416
881.9132,2920.9878,0.9833167
874.0088,2937.4028,0.97918916
878.3227,2969.7822,0.98051536
864.7857,3001.1458,0.9823407
863.29126,2999.7405,0.9823599
864.1632,3030.3376,0.9856822
869.87933,3034.322,0.9862621
866.47943,3036.5627,0.9820296
854.87024,3010.8025,0.98424894
855.6692,3012.1921,0.9847038
868.58044,2979.6482,0.98620147
863.23956,2958.8132,0.9800884
878.8722,2942.3008,0.9763507
888.6931,2929.8284,0.97935075
891.0778,2932.82,0.97851914
896.4307,2930.948,0.98192734
893.1213,2926.7944,0.9839761
891.36426,2937.705,0.9793353
889.386,2963.4531,0.9839205
888.709,2963.781,0.98399574
868.7111,2997.6177,0.9834643
867.1113,3038.208,0.97725475
875.6854,3031.3423,0.97892636
870.4788,3018.4634,0.9837568
870.19574,3019.1,0.9839728
870.39197,3009.374,0.98708713
860.621,2992.7793,0.9842276
872.13153,2960.5142,0.9818901
885.6361,2938.3423,0.9825339
885.3748,2936.0142,0.98192835
901.3367,2930.8413,0.98146194
905.54315,2916.4072,0.98169106
910.36633,2914.756,0.9824802
907.8722,2918.5376,0.9810636
909.9009,2921.4897,0.98073274
911.81287,2952.2954,0.98209375
886.38525,2995.6938,0.984253
885.6013,3044.38,0.9783468
888.06573,3055.0627,0.9766153
887.1612,3053.0073,0.9774354
883.7999,3034.5269,0.9865947
888.2981,3038.1602,0.98322886
870.1113,3004.5051,0.98473585
884.6175,2984.4631,0.9850028
886.5121,2984.5083,0.98492754
897.6769,2966.774,0.98054725
901.46594,2950.6777,0.98027706
911.10187,2923.5955,0.97859585
913.22003,2912.8555,0.9797142
912.6799,2913.2354,0.9799533
916.03345,2921.6255,0.9807585
913.2347,2929.9917,0.9787932
906.7538,2974.2827,0.9814611
892.2555,2994.055,0.9837601
890.80945,2994.2485,0.9846287
872.84125,3031.4631,0.9753108
879.4757,3041.8557,0.97503
880.9656,3039.1895,0.9775687
881.8929,3024.6418,0.9780598
882.995,3026.8035,0.9784952
884.0857,3012.9556,0.9789626
887.9731,2994.7598,0.97817093
894.18604,2970.308,0.97705233
901.11096,2959.029,0.97543406
903.21844,2956.5464,0.9749244
907.5306,2945.7837,0.97677034
910.24365,2947.3804,0.9807685
905.9262,2948.0625,0.97998834
904.66974,2965.187,0.98063767
903.5226,2964.8237,0.98101634
896.1041,2980.5989,0.9865823
886.23035,3032.9229,0.97682637
883.72925,3052.4614,0.9785357
881.66614,3050.4646,0.9742662
881.9989,3051.4678,0.9749029
885.6697,3047.0393,0.9733993
888.7758,3035.7969,0.9752577
887.6241,3007.026,0.9728132
894.62714,2975.434,0.97599864
886.74005,2986.2734,0.9790735
898.02136,2967.1055,0.97455263
905.0161,2950.325,0.97604126
904.179,2933.6445,0.9770313
904.9671,2933.841,0.97769064
905.033,2936.1047,0.9780362
905.07294,2941.4302,0.9756822
900.0005,2955.1504,0.9761421
895.47253,2992.0486,0.9780481
885.748,3038.7737,0.97803134
885.68536,3039.082,0.9774923
879.70074,3046.0173,0.97532225
875.57776,3045.641,0.97593766
883.1671,3046.0234,0.97519016
888.7146,3032.976,0.9759453
890.003,3034.085,0.97704804
903.6555,3008.2168,0.9864645
906.2942,2992.116,0.97292125
898.02997,2959.4663,0.97692263
894.57605,2959.0374,0.96205527
894.95715,2957.7056,0.9638698
893.8724,2955.9873,0.9680499
905.58984,2945.7974,0.9858644
897.15137,2952.2769,0.9852071
886.55457,2988.2344,0.98179215
887.8134,2991.0688,0.9820486
873.1763,3029.247,0.9808319
872.0667,3044.4387,0.9791982
868.8397,3045.6504,0.97986674
879.00073,3032.3638,0.9819462
879.4254,3032.9685,0.98226607
889.0432,3021.9385,0.9832677
889.6006,2996.6328,0.9848044
889.66846,2981.3105,0.97583383
879.19336,2955.247,0.98130786
880.8513,2960.6633,0.9807345
882.8013,2960.891,0.9576866
892.22626,2961.2148,0.96299666
895.6203,2957.7034,0.96910334
904.7894,2950.0645,0.97337115
897.2289,2953.287,0.9820102
906.035,2956.8171,0.97751164
882.2082,2993.8364,0.974794
877.6227,3045.9636,0.97189
878.7483,3062.6536,0.9745247
881.6644,3062.7588,0.9768644
874.3962,3055.8994,0.9755677
874.01385,3050.98,0.9773006
886.31635,3049.813,0.9746917
889.60565,3031.2583,0.9720079
889.9215,3030.8599,0.9720159
888.6577,3012.539,0.9766272
901.33606,2987.7961,0.97536
895.3524,2970.37,0.9776348
915.49255,2962.5293,0.98110354
916.46936,2962.9883,0.9821321
900.95416,2966.772,0.9810921
916.303,2979.8618,0.9722821
906.0846,3008.9888,0.97583187
885.7249,3042.6565,0.9748343
884.71716,3040.8096,0.9743156
880.694,3061.9688,0.9767095
877.02734,3057.8938,0.9820126
886.26416,3060.999,0.9833587
893.5148,3050.894,0.9803036
892.04395,3047.6362,0.9812181
896.6633,3021.8174,0.9814404
908.1196,3003.0002,0.97741884
904.1233,2979.3892,0.98046136
911.1671,2974.7847,0.98191285
910.00964,2971.6926,0.9820557
904.11804,2962.2837,0.98261386
910.6936,2962.1362,0.9835465
907.5128,2956.1135,0.9804489
903.8315,2996.2607,0.975301
904.0051,2995.3071,0.9761657
885.34534,3033.7786,0.9775278
876.621,3053.6194,0.9767403
873.2373,3053.726,0.9800306
876.84534,3050.2144,0.9776019
878.34595,3051.5464,0.9766942
883.24493,3043.1294,0.98052865
887.1804,3033.2803,0.97910345
890.052,3013.4102,0.97761405
902.9143,2994.0244,0.9684162
901.871,2993.9272,0.96813107
898.1171,2973.1562,0.9780406
904.3209,2967.4917,0.98304534
905.9535,2957.835,0.9834448
904.4984,2956.6343,0.98355156
905.6848,2957.2234,0.9839824
915.69965,2976.4924,0.98647773
894.2525,3010.1533,0.97591954
885.74927,3046.4873,0.9764667
887.0753,3052.633,0.9757337
887.10315,3052.8203,0.97553056
888.4385,3040.6028,0.9753866
897.97156,3044.2112,0.9786012
895.93835,3017.179,0.98736817
906.3393,3009.3726,0.97172934
909.40735,3010.2908,0.9700789
896.0388,2990.6187,0.9798565
900.4966,2976.039,0.98207444
906.8256,2968.2012,0.9840136
906.8414,2967.749,0.9837309
909.8176,2966.4954,0.9845589
907.64624,2960.386,0.98549193
900.8844,2966.5034,0.98460984
875.4719,2987.005,0.98398316
875.0788,2987.1226,0.98449576
879.9538,3026.37,0.9837647
884.86084,3047.3645,0.977106
880.92645,3030.7634,0.98412585
891.8728,3037.2185,0.97852373
894.08075,3038.3918,0.9785888
873.13385,3023.976,0.9844208
896.2965,3010.0657,0.97790605
883.639,2976.6118,0.9882917
884.2777,2966.6519,0.96957904
885.2982,2967.9617,0.96916616
891.8551,2952.336,0.97222316
886.4197,2935.3252,0.97635186
887.57056,2929.5342,0.9783715
893.2136,2932.8271,0.97255987
894.22906,2931.9753,0.97210467
886.2926,2944.0703,0.9776708
900.6491,2960.046,0.97755754
895.67505,3012.9116,0.9754777
891.4662,3047.5466,0.97291905
882.5784,3040.284,0.9756934
882.6396,3040.188,0.9781472
870.36536,3032.741,0.98171014
894.9606,3032.6694,0.97216403
893.24835,3015.2998,0.97349656
893.5635,3015.3645,0.9733908
898.162,2991.9575,0.9678632
888.92444,2958.1152,0.9767691
895.2955,2968.485,0.9676307
903.3111,2943.2751,0.9620163
903.32654,2945.4844,0.9621719
903.70074,2951.683,0.9693914
901.6432,2947.908,0.9643458
902.28516,2954.8374,0.9794236
897.72125,3001.549,0.961105
896.9436,2998.96,0.9630519
883.16034,3035.0925,0.9754066
881.14874,3050.1914,0.97329694
877.8496,3039.081,0.9755535
882.23126,3040.5393,0.9726115
882.9304,3037.8906,0.9727622
872.3844,3010.2092,0.97952545
880.8761,2992.7231,0.97859997
892.18085,2970.529,0.97713464
898.50305,2962.136,0.9797182
898.7921,2963.1042,0.9792812
902.39624,2966.351,0.9590966
902.0019,2959.2695,0.97506547
898.40295,2962.788,0.97719646
892.8495,2973.8882,0.97685975
902.50793,2971.2083,0.97556996
893.4347,3009.2224,0.97806656
879.6865,3048.4067,0.9643979
872.3103,3053.4604,0.96667093
867.2117,3053.6313,0.97184587
868.0289,3054.1577,0.9714063
870.9243,3064.7908,0.9708772
882.17725,3052.6326,0.9712153
890.87256,3025.086,0.98486507
892.1914,3006.5293,0.9668852
892.5438,3008.2656,0.96810037
906.4475,2991.5,0.9654264
898.65564,2967.0378,0.9794312
907.5377,2958.4336,0.98302656
904.5899,2957.356,0.9828128
902.8237,2950.8875,0.9703517
909.49365,2960.118,0.9740432
903.00476,2969.8604,0.98340976
896.4689,3016.687,0.98461354
878.8046,3046.9653,0.9823647
878.87964,3047.814,0.9814073
866.21204,3044.4773,0.9829254
871.88965,3045.939,0.9849311
877.20886,3041.9011,0.982739
888.053,3029.753,0.9795192
886.84094,3029.7385,0.9803427
890.19745,3011.7256,0.98188895
896.9667,2994.27,0.9773936
908.40735,2978.757,0.9747522
907.10767,2963.724,0.9721643
890.1623,2957.732,0.98251665
890.9901,2947.4348,0.9823753
891.7606,2957.4268,0.9801267
899.9794,2966.205,0.9701838
899.3315,2990.9714,0.98036516
898.1704,2991.359,0.97919595
873.07214,3034.576,0.9763849
852.9179,3062.5627,0.97972083
859.929,3045.4407,0.9824385
852.2506,3055.6082,0.97858834
852.7743,3054.9512,0.9786821
868.23596,3038.3325,0.9750376
870.1438,3023.6128,0.97781175
876.63153,2992.6348,0.9657012
877.17957,2988.7852,0.9703536
878.1257,2987.314,0.9700382
869.33606,2962.9697,0.9803361
867.79083,2962.2578,0.96492565
874.26654,2967.8127,0.9625489
897.16284,2957.218,0.97980803
897.09216,2955.6338,0.98119307
894.43384,2970.6606,0.9688222
884.18506,3010.9658,0.97427225
856.97,3041.7822,0.9719677
861.9702,3062.0686,0.97524005
862.4936,3059.208,0.9753397
859.89386,3054.2964,0.978002
861.5689,3045.171,0.9752871
869.72955,3037.9304,0.98009616
877.0239,3030.6023,0.9824786
878.0227,3033.469,0.9815812
865.43225,3008.4304,0.97707456
887.0823,2984.8496,0.9735092
867.57837,2967.0593,0.954931
868.4672,2959.3696,0.9554614
869.3152,2960.4194,0.95425993
870.4539,2960.5532,0.95575017
893.0281,2947.9897,0.97289735
866.23914,2956.789,0.9680728
866.9493,3002.5293,0.9824851
858.4748,3007.9858,0.9647829
850.36816,3031.5688,0.97689724
843.78937,3051.2012,0.9718826
841.81274,3040.7024,0.9748727
859.1193,3027.5027,0.9756781
861.84064,3027.0337,0.9772405
856.92505,3003.206,0.9746985
859.96375,2979.0295,0.97997874
872.60266,2940.058,0.9806168
880.3839,2934.3047,0.98776394
879.1917,2931.816,0.98744386
883.24646,2922.725,0.98505914
889.1902,2926.961,0.9871601
871.2951,2951.374,0.9582603
882.0227,2974.2659,0.95482713
880.4391,2972.4368,0.9559443
892.9916,2972.9119,0.97765476
858.2891,3021.933,0.966205
863.52594,3047.6077,0.9785759
876.2462,3042.8032,0.971807
868.0126,3050.6372,0.9762295
867.73364,3044.34,0.97789294
873.32104,3038.2627,0.9746765
870.11096,3020.1458,0.97068024
870.2862,2983.6465,0.9782915
886.31305,2989.5547,0.9779798
869.1625,2992.026,0.9562134
869.887,2979.9128,0.9591486
880.9349,2947.3281,0.98830557
866.0768,2967.492,0.95479673
867.37665,2966.509,0.9551943
885.8303,2956.9636,0.9810065
866.80347,2989.75,0.96769583
860.33405,3029.4856,0.9758197
843.4729,3050.7568,0.97486943
842.39667,3052.2063,0.97504866
843.9622,3057.0454,0.9718875
846.61084,3045.5498,0.9760149
859.7595,3031.4382,0.9787773
851.9577,3016.0132,0.97054696
852.5845,3017.4775,0.9720166
862.1691,2990.5603,0.97272676
864.42065,2959.5166,0.977806
877.012,2958.0298,0.9800876
904.6461,2955.6602,0.972728
887.17944,2959.201,0.98110217
886.13434,2957.227,0.9813455
879.4574,2983.4941,0.9680491
886.9536,3018.758,0.9752588
865.3819,3042.1868,0.97638196
865.6011,3041.6196,0.975812
871.60315,3045.3516,0.97721636
867.6387,3045.4658,0.97507143
873.0663,3032.7917,0.97510195
883.0602,3024.2764,0.9755445
881.9575,3023.289,0.9766371
868.9343,3013.7642,0.9755681
874.424,2983.2563,0.9822896
882.0908,2963.8467,0.9818678
882.70483,2956.0847,0.98521346
883.03125,2957.5127,0.98503727
888.6251,2955.484,0.98534435
885.7418,2955.1672,0.9859881
887.10474,2961.1597,0.9860173
894.4258,2987.5894,0.9812344
896.0713,2988.1184,0.98141485
871.292,3026.3855,0.9774924
865.4101,3041.6929,0.97822237
855.6538,3048.1465,0.97920036
858.93036,3042.573,0.9797838
859.59155,3042.8538,0.9806353
870.15216,3036.935,0.9826179
856.2226,3018.7595,0.98030007
859.8096,2993.2043,0.9834382
871.78625,2969.7297,0.9848164
871.1384,2967.8477,0.9855138
878.0856,2959.395,0.98765
880.4442,2960.4868,0.97348636
877.16876,2950.0125,0.9738287
882.87213,2941.6904,0.98756844
881.5765,2935.7144,0.9881592
879.9551,2951.0544,0.9851863
881.2107,2978.7517,0.98499936
879.4319,3014.4497,0.97701687
866.17236,3030.8303,0.97610927
865.8543,3031.0317,0.9764972
868.1504,3040.8564,0.97168565
871.5914,3042.4302,0.9714318
882.1981,3038.2627,0.9777158
888.60706,3025.8413,0.97966355
889.32056,3025.458,0.98042595
889.8836,2998.3687,0.97635525
894.6623,2980.2998,0.97483677
877.11786,2966.349,0.9650564
888.90625,2955.2793,0.9680136
888.83405,2957.2114,0.96585923
892.00903,2955.207,0.9675116
906.87805,2945.4055,0.97635376
890.7032,2936.995,0.97810125
880.86127,2964.8464,0.9797316
879.53076,2962.4602,0.9803813
876.43555,3005.475,0.9788512
867.68774,3045.353,0.98010224
867.89685,3052.0088,0.9796984
871.8378,3044.5676,0.97782874
871.1737,3043.7231,0.9777754
882.14624,3029.7554,0.9765429
871.743,3006.0388,0.9811109
889.7236,2986.712,0.98018783
893.894,2959.0325,0.9826853
895.3301,2959.1848,0.9826623
908.11176,2942.2024,0.96859634
910.6218,2930.5095,0.9716654
902.5296,2935.2239,0.97905785
892.4121,2930.7705,0.9778154
894.00195,2931.6611,0.97730565
889.2259,2956.6968,0.9788234
884.3778,3002.2598,0.9803124
882.5686,3035.9219,0.98041785
872.51807,3041.86,0.9757624
874.1248,3044.2031,0.97455084
877.7245,3047.7344,0.97463393
878.43146,3029.4126,0.9737519
893.311,3007.4104,0.9865348
893.9252,3007.7295,0.98655117
889.4357,2984.0059,0.97319275
890.646,2967.3875,0.97969955
895.5983,2949.4844,0.97797525
895.8153,2949.414,0.9810714
895.5973,2947.9797,0.9806938
894.9908,2948.9182,0.9829888
889.3936,2947.495,0.9808559
881.6318,2982.692,0.9844334
875.5479,3022.9636,0.9739128
875.95715,3021.4326,0.97477835
865.61847,3046.3738,0.9738133
861.7337,3053.2417,0.9700401
859.24426,3049.3928,0.95794046
884.5165,3032.4092,0.98210377
869.5922,3049.2817,0.9770643
873.7923,3029.0322,0.97793657
888.78796,3005.723,0.97516155
875.25635,2978.9297,0.97614497
883.48364,2963.3748,0.98115426
885.3118,2963.6838,0.98140013
902.7933,2963.8645,0.98064005
898.30554,2964.134,0.97999865
903.7601,2960.3147,0.97890365
890.6296,2981.5527,0.97366536
888.7328,2977.6528,0.97336644
879.6361,3030.5508,0.9719221
877.1146,3046.3105,0.9835686
866.0801,3064.5486,0.9767977
864.9624,3063.4592,0.9814354
865.6516,3063.0024,0.98120326
874.6148,3060.1343,0.9784807
876.61945,3052.1257,0.9727936
877.70764,3014.52,0.97217
882.2529,2988.6724,0.9738219
880.684,2987.2644,0.9733899
888.1041,2964.0435,0.97532314
895.80707,2955.4175,0.97961617
901.27844,2954.6592,0.9795289
902.70605,2955.5168,0.97913533
907.0681,2957.1497,0.9801278
892.3453,2973.4697,0.98184836
882.13586,3002.7866,0.97644037
856.9263,3041.4346,0.97240317
857.4104,3071.892,0.97613585
857.3281,3070.2683,0.9761129
857.60205,3069.626,0.97379977
862.78253,3056.2913,0.9503867
864.17706,3051.3477,0.96747285
873.1681,3034.1008,0.9748492
872.0444,3032.7678,0.9745531
875.9418,3007.185,0.97084934
899.54126,2980.1128,0.9801886
903.6483,2966.1143,0.9764956
905.0117,2958.0396,0.97846425
905.38934,2957.1985,0.9796903
899.88574,2951.9468,0.97839683
903.23987,2964.2573,0.9721839
900.4021,2995.961,0.97055155
878.99725,3031.8892,0.97082597
878.6431,3031.2163,0.9708803
871.2334,3065.8184,0.9705743
877.27167,3072.4814,0.9669043
876.9286,3065.817,0.96696866
888.8714,3039.525,0.9660664
889.8479,3040.326,0.9661686
901.4048,3018.793,0.96481353
899.8718,2990.2686,0.977674
897.27374,2975.1865,0.97954446
925.29004,2964.8694,0.98585594
923.51416,2963.9736,0.98703617
926.61475,2954.3193,0.98720646
921.1218,2947.0537,0.98694557
910.6527,2945.4924,0.98269296
909.3473,2951.1587,0.9824708
910.4641,2954.522,0.98282325
890.59534,3004.7407,0.96869355
881.30286,3060.7344,0.95560604
873.2926,3059.4375,0.9650128
875.7604,3058.8818,0.9653804
875.15405,3060.4482,0.9732877
875.0363,3045.7415,0.956561
875.7808,3032.927,0.96162206
857.9197,3006.913,0.96203834
884.93066,2967.3948,0.9799091
884.08167,2969.327,0.9800756
894.5698,2957.507,0.9815895
908.44135,2942.0066,0.9856631
915.2007,2929.8706,0.9852696
912.6017,2931.1794,0.9767346
912.87146,2929.196,0.97693026
921.30396,2937.56,0.9814879
899.89465,2971.2012,0.9775768
902.28625,3027.8396,0.9741349
893.51465,3052.0308,0.9867035
893.0271,3050.0356,0.9867596
882.1503,3061.2874,0.976835
879.88055,3052.3845,0.97847044
889.5804,3036.8557,0.97652406
888.63245,3015.9075,0.97190225
888.65094,3017.9229,0.9706829
897.4015,2997.3032,0.97088087
900.9435,2985.2363,0.97835964
901.8425,2975.5168,0.9815993
913.31213,2972.1511,0.9818463
908.79724,2967.582,0.9826415
923.8102,2966.927,0.9865411
902.8288,2976.3438,0.9851854
899.6047,3002.3809,0.9764164
881.72003,3034.3828,0.98450506
882.0625,3032.537,0.9845955
876.81537,3066.6992,0.98041785
871.74994,3059.3613,0.98725706
878.01685,3040.0625,0.9879103
891.2606,3017.9487,0.9872
892.0503,3017.472,0.98771137
882.5071,2982.097,0.9843949
883.3731,2970.1392,0.9761737
888.9026,2944.946,0.9798146
901.2329,2949.4944,0.98472023
900.92615,2949.4863,0.9847757
906.3358,2941.0974,0.9814555
909.15906,2937.2412,0.9826087
904.66974,2944.7144,0.9807097
907.6614,2972.9282,0.98679304
909.4933,2974.1084,0.98691314
905.3751,3042.7668,0.9764672
894.71497,3079.1265,0.97500706
880.41815,3061.8174,0.9612832
889.3579,3064.0007,0.97696644
889.0989,3062.381,0.97767526
893.60974,3046.2454,0.9765351
894.3845,3038.3945,0.97380006
907.0939,3020.898,0.9718912
894.0273,2976.954,0.9838074
908.1317,2978.5393,0.98843783
900.9157,2966.2114,0.9826195
906.09546,2952.2998,0.9817653
910.535,2952.8157,0.9795091
922.266,2959.7246,0.9841008
923.9531,2961.874,0.98438513
913.0494,2976.921,0.97209746
905.3897,3046.8857,0.97695565
889.3109,3071.3767,0.9788471
887.905,3077.4668,0.9777264
887.2501,3076.001,0.9777933
882.0386,3064.209,0.974494
891.3523,3065.145,0.97100836
892.4482,3053.8367,0.96971387
900.9293,3027.5195,0.96759695
902.84106,3028.4573,0.96916056
911.9669,3001.3574,0.9683293
899.4866,2975.2412,0.97258985
904.3474,2954.8093,0.9770692
906.7694,2950.8267,0.9796547
911.71655,2953.2751,0.97728366
912.4404,2950.0024,0.977988
910.8448,2970.4495,0.9691233
906.7477,3027.8945,0.9883879
899.29944,3056.391,0.98866165
897.52094,3060.3403,0.9883521
884.162,3078.1646,0.9754091
892.3925,3074.327,0.97701323
892.24915,3052.5198,0.961504
900.1007,3053.204,0.9715684
900.1311,3053.5908,0.9741538
905.69403,3035.909,0.96245867
915.9346,3004.9417,0.9616597
920.61584,2990.6157,0.95976245
907.6071,2967.376,0.9769046
923.37067,2970.2134,0.95681065
929.40454,2964.8926,0.9584204
935.24945,2962.8862,0.9858942
924.25574,2972.6758,0.97136015
894.5842,3026.1084,0.9787457
894.32117,3024.8774,0.9797774
894.80786,3068.3674,0.97726125
896.9535,3078.5527,0.9763163
899.4324,3073.4043,0.9769637
903.4301,3065.8386,0.97666293
902.87036,3064.7527,0.97662145
902.8456,3053.3545,0.9778966
920.67847,3043.4539,0.9624342
927.09393,3009.4707,0.95002794
937.68555,2996.6106,0.9675887
938.2965,2995.377,0.9674155
948.96,2970.4756,0.9613453
951.25507,2954.9734,0.9652847
952.8488,2960.1807,0.9605172
937.5829,2968.1,0.9887157
936.978,2965.2712,0.9887623
930.0099,2980.2432,0.97116
910.5908,3031.2456,0.9726581
900.455,3067.5098,0.97740024
900.9386,3071.7632,0.973463
900.1694,3071.2854,0.9731163
894.8238,3069.2368,0.9714271
901.2195,3065.7222,0.97388136
904.7159,3047.4448,0.9691918
910.1404,3023.659,0.9690188
910.9512,3022.362,0.9697011
919.3827,2994.8157,0.9681406
929.5928,2979.4814,0.9754479
920.43665,2955.4976,0.98194075
922.5086,2952.1816,0.98512185
921.8385,2951.0894,0.985718
917.55853,2936.1025,0.98700863
909.95325,2937.6436,0.98553663
889.2149,2948.084,0.98333216
885.94867,3000.1123,0.9867819
879.0771,3003.7092,0.9773222
886.39417,3038.1748,0.98264056
883.03107,3048.3147,0.9827187
874.03143,3045.8542,0.98338044
886.9275,3033.8975,0.9849616
887.5893,3033.2368,0.98547643
871.8609,3010.755,0.98058045
900.34607,2998.2847,0.98405886
907.4903,2976.8928,0.9820064
876.6664,2948.6858,0.9745651
875.3263,2942.902,0.97498
906.5601,2936.755,0.98676205
921.96826,2940.336,0.979322
913.18787,2931.2773,0.9794154
895.96094,2968.3193,0.97807467
893.2124,2964.5317,0.9786639
891.1188,3002.784,0.9715739
887.95844,3032.3064,0.986484
883.6022,3041.626,0.9835782
878.0731,3037.624,0.9858148
879.7993,3038.7231,0.985313
877.8147,3028.6584,0.98656243
878.28784,3008.7004,0.9786533
879.34204,2986.4045,0.9860263
911.5351,2967.6174,0.9796713
911.2827,2965.0466,0.98039275
918.7925,2934.0684,0.97831476
907.19714,2937.5208,0.98545945
922.68787,2932.1519,0.98001045
921.1561,2939.696,0.9805118
921.7036,2942.523,0.9806706
897.24445,2933.0693,0.9848914
906.7872,2971.275,0.98443735
893.41064,3011.502,0.9826931
876.3988,3055.9607,0.979909
875.93353,3055.5444,0.9802171
868.9902,3058.36,0.9790262
872.99243,3044.5103,0.9871776
875.6816,3049.266,0.9704982
892.9794,3019.7715,0.98729116
884.5655,3028.5156,0.9775994
895.527,2994.1367,0.985268
881.4863,2968.798,0.98132634
890.2053,2955.155,0.98050964
889.0461,2954.447,0.9822482
912.0661,2950.0303,0.96835226
911.0808,2955.979,0.9726175
902.0006,2953.012,0.9736143
897.8767,2970.7915,0.9815761
897.59937,2970.2854,0.9825215
878.68884,3015.3271,0.98084694
874.8792,3046.2954,0.9778256
869.8409,3048.2297,0.9826566
870.1388,3038.2656,0.98300505
868.6135,3038.7612,0.9833719
878.2811,3049.6584,0.9701241
884.82874,3041.101,0.9713787
887.56396,3015.307,0.9718391
870.78345,2984.6978,0.9802566
878.5651,2978.8857,0.98373634
906.5438,2978.7495,0.9799922
913.9012,2968.899,0.9765979
914.6492,2947.2905,0.97489387
910.77594,2935.9087,0.9742268
910.98206,2936.1423,0.9739221
905.4873,2932.359,0.9740475
876.78754,2952.5396,0.9827011
902.94714,2998.752,0.9739992
892.7864,3027.919,0.9788415
891.7872,3026.4873,0.97972465
885.55133,3048.789,0.98047584
872.4135,3049.6526,0.98310435
856.0131,3038.3389,0.9713628
862.9371,3035.8955,0.976991
863.04346,3036.4546,0.9781305
882.5249,2992.6748,0.9822672
886.95264,2981.8716,0.9832439
887.56836,2953.8232,0.97819114
889.89294,2941.3594,0.97422
889.61865,2942.9585,0.9737196
893.9315,2943.2263,0.9758641
896.1918,2940.6704,0.97461534
870.1736,2960.155,0.98290205
866.058,3020.14,0.9829091
861.17633,3026.5024,0.9776685
854.9401,3063.8574,0.9754971
871.3655,3045.4907,0.98441285
852.72534,3047.782,0.97695607
854.1244,3036.797,0.97915876
854.8848,3033.897,0.97882754
869.8517,3031.9368,0.98268074
870.63354,3005.8425,0.98375124
904.03674,2995.1284,0.97821325
904.253,2971.7444,0.977661
900.91113,2972.5532,0.9763748
911.82837,2966.009,0.979365
907.42694,2953.344,0.9793515
889.70544,2959.3528,0.9874692
901.00037,2978.289,0.98812777
899.34814,2977.4143,0.9884338
892.6331,3019.7227,0.9879461
867.6506,3046.8767,0.97738576
876.5183,3053.462,0.98139095
864.1705,3048.1296,0.9739498
862.0615,3045.5183,0.974349
849.7677,3047.4678,0.959867
883.7676,3035.6375,0.9797171
883.7019,3006.3086,0.9789548
882.9712,2982.3276,0.98618
883.0569,2982.3252,0.98670644
918.84796,2981.6504,0.9783577
921.2805,2967.065,0.97902465
920.6984,2965.9216,0.9778236
919.484,2955.5608,0.97920233
919.08325,2956.9028,0.9793987
916.4158,2959.16,0.9791291
899.78174,2998.6636,0.9819973
866.79456,3034.4993,0.97513425
863.7673,3042.2263,0.9788785
862.45605,3041.9634,0.9787836
858.1714,3049.5518,0.9799873
862.5526,3043.275,0.97797304
875.29486,3040.452,0.9812579
869.74274,3023.854,0.98091394
871.12555,3025.526,0.9802443
902.65045,3008.5215,0.9826962
876.3759,2979.3315,0.9740736
902.5651,2955.696,0.99348575
912.27954,2946.115,0.99295443
913.7633,2946.1704,0.9928893
904.19275,2933.409,0.9931074
886.24475,2935.9736,0.9792381
902.29596,2942.3804,0.986299
889.535,2965.873,0.98686534
889.5661,2968.8867,0.98749536
884.76086,3021.3293,0.9823318
859.2064,3051.6382,0.97791654
861.71594,3042.9316,0.98610026
866.42395,3039.9956,0.9858379
865.48535,3037.9182,0.9863517
863.4269,3020.091,0.9837136
879.8093,2997.083,0.9837821
909.1135,2981.9492,0.9786144
906.3147,2957.9087,0.982021
909.0511,2960.4426,0.98278815
905.1795,2938.4844,0.9834682
908.83813,2939.2969,0.9840571
912.1627,2940.0762,0.98396605
906.0051,2948.3052,0.98137766
907.8113,2950.6516,0.9814936
903.9612,2992.0293,0.98302555
892.0523,3028.7646,0.9820395
889.2197,3054.7417,0.9799386
876.6138,3065.7969,0.9742357
871.46643,3061.003,0.9775261
877.5123,3052.4875,0.97525907
889.3149,3042.465,0.9876507
896.6962,3033.9553,0.9875458
883.92645,3005.7034,0.98403615
884.246,3006.775,0.9844162
915.99115,2990.0654,0.9793676
922.955,2963.977,0.97486985
916.58844,2960.393,0.98450536
914.61804,2956.422,0.9841384
916.2988,2958.503,0.9844811
920.3125,2965.583,0.985748
919.51154,2981.0925,0.9876649
903.4033,3003.7793,0.98680764
887.12787,3034.6392,0.9855643
888.92303,3036.5823,0.9857685
880.90247,3059.2483,0.98142356
881.0334,3045.207,0.9857657
886.1277,3035.4268,0.98575735
891.51953,3002.2815,0.9854983
891.00824,3000.2234,0.98534375
879.19885,2981.5664,0.9809187
890.4756,2967.5566,0.98234653
894.33264,2959.624,0.9844059
900.7717,2951.2446,0.98284817
900.40247,2950.06,0.98279285
902.0953,2954.1355,0.9820661
912.27045,2950.81,0.9795044
907.57983,2974.6143,0.9833838
883.61914,2997.9478,0.9809295
884.49524,3000.0093,0.98176885
882.3248,3044.1028,0.977415
880.8957,3061.475,0.9756876
879.2404,3060.1685,0.97842115
886.7007,3054.2568,0.97667783
887.6437,3054.2114,0.976424
890.1048,3041.2368,0.9773656
889.9441,3013.224,0.9808723
906.90106,2986.52,0.98977965
902.9905,2964.7915,0.9803992
903.90546,2964.5522,0.9809545
913.3939,2947.3203,0.98268867
909.7479,2935.426,0.9843822
906.12427,2930.5994,0.98881745
907.8157,2940.0532,0.9883909
908.2212,2941.355,0.9885358
907.5082,2977.9355,0.9866512
886.4481,3014.4023,0.97954214
858.17883,3043.7632,0.97832423
862.23175,3040.4463,0.9830224
860.3557,3039.071,0.9833575
861.876,3058.2627,0.9808692
864.10675,3043.792,0.9801348
864.98755,3013.7305,0.9869027
874.9346,2996.9297,0.9855688
874.9349,2998.063,0.9855407
879.6537,2984.0776,0.98261434
893.3527,2967.4343,0.98059905
901.484,2967.098,0.98167944
905.263,2968.7876,0.98200065
902.7248,2966.3547,0.98392165
908.85376,2989.321,0.98189914
901.4357,3012.3247,0.97947294
883.9773,3040.9966,0.98543686
865.90137,3064.9336,0.96213216
863.9028,3061.7356,0.9638932
865.00244,3062.89,0.96974045
868.3242,3051.7112,0.96785855
885.9461,3049.7898,0.9804945
893.5076,3038.3752,0.9767421
895.0492,3039.7378,0.9762412
867.78406,3011.8066,0.9674914
917.42816,2981.6072,0.9872937
906.23346,2966.9727,0.98136705
910.0787,2957.195,0.9829899
910.1673,2958.7712,0.98305374
917.0868,2954.3257,0.99020255
907.3956,2958.1313,0.98947155
902.78705,2974.5908,0.98870766
899.3705,3025.1882,0.97600025
899.6834,3022.824,0.976722
889.7551,3054.8342,0.97689384
873.3336,3052.4136,0.97166204
885.6114,3052.1536,0.9816182
890.68274,3050.993,0.9830873
891.44714,3051.6516,0.98223543
895.95374,3046.1086,0.9816289
900.8091,3010.457,0.9886036
909.4094,2981.1062,0.9884991
900.9745,2967.5674,0.98279715
901.8477,2968.293,0.98350716
906.2489,2941.7346,0.9832781
904.45917,2944.3535,0.9847883
904.59686,2946.369,0.9864611
907.5566,2959.1848,0.9890104
907.0154,2958.6147,0.989186
890.0115,2988.7273,0.9812661
896.1414,3020.2627,0.98559016
896.2329,3049.2888,0.9775212
891.8472,3047.403,0.9799247
891.93787,3041.3682,0.98580974
893.8573,3036.2283,0.988694
900.5458,3013.305,0.9879027
907.3872,2996.5962,0.9865346
889.1593,2958.037,0.9837347
889.11,2958.9836,0.98383427
904.0305,2940.498,0.9781701
909.5037,2922.2754,0.9834216
913.4599,2940.5735,0.98494023
922.3656,2941.6694,0.98846567
913.31744,2937.3396,0.9850419
906.874,2947.7637,0.9825205
891.6732,2990.3572,0.9787241
886.46436,3040.725,0.97840285
881.9778,3058.0198,0.97865
882.39075,3056.2285,0.97781235
887.09436,3064.3364,0.9773975
882.1161,3059.085,0.96981096
892.4176,3038.8018,0.9797829
897.3873,3013.2974,0.98696923
897.9373,3015.6602,0.97521484
898.89716,2995.5522,0.9795633
922.70013,2978.5059,0.9837351
912.9812,2973.4795,0.9807711
913.66644,2961.9312,0.98194504
913.77686,2962.1626,0.9818635
909.87396,2954.6704,0.9826005
901.3817,2937.8413,0.98357564
902.8425,2973.0112,0.98405933
884.93787,2990.846,0.9787893
885.1148,2992.2559,0.9794812
885.1765,3041.4216,0.9796465
874.5972,3050.3564,0.98042727
874.11194,3050.1074,0.98071176
879.26715,3049.7866,0.980917
879.7044,3050.1223,0.98059374
843.00085,3037.94,0.96283185
884.3584,2999.6096,0.98864543
903.49475,2983.7056,0.98681575
904.86084,2984.73,0.9874406
908.764,2959.0894,0.9813524
901.93896,2944.9434,0.98356414
906.07306,2940.7068,0.9857944
907.74756,2936.3008,0.98707473
910.62366,2932.6416,0.98962563
897.2959,2930.7437,0.98752636
889.5683,2972.0015,0.9882929
874.4017,3015.957,0.9827617
862.8546,3064.107,0.9768281
862.0646,3061.2202,0.9773652
886.8179,3046.6924,0.9846801
886.2211,3040.122,0.9854438
884.4839,3032.416,0.9872454
886.41266,3020.6685,0.9805948
886.54596,3021.7622,0.9808827
896.36926,2993.4521,0.97830486
912.50256,2996.8376,0.9773382
916.32166,2961.5298,0.9754857
923.8495,2950.791,0.9736362
923.91486,2947.7617,0.97340435
908.0085,2936.8323,0.98231536
912.2063,2947.3857,0.9791468
932.306,2954.3413,0.96915466
908.4248,2989.4785,0.97768927
907.9983,2988.8684,0.9776328
889.69775,3036.8037,0.9606051
879.52124,3051.879,0.9683912
886.895,3044.4224,0.98259485
881.653,3040.8406,0.9739612
881.37463,3039.8254,0.97353417
885.9253,3026.796,0.97313505
896.5808,3016.3274,0.9802428
904.8195,2981.686,0.97344625
887.18665,2963.3213,0.96909875
901.13525,2955.6157,0.9790988
888.24005,2943.439,0.96792734
894.37537,2951.0845,0.9708718
898.2627,2952.6157,0.9693555
904.85614,2944.6738,0.9846154
905.56665,2945.1716,0.9844594
906.24884,2960.8167,0.97308743
889.12195,3023.7634,0.968472
878.3619,3052.0286,0.96997625
874.97003,3056.903,0.9789042
875.47577,3056.3809,0.97866666
883.5654,3044.7087,0.97298414
891.11035,3030.2556,0.97657144
885.89484,3006.3125,0.9874499
912.15186,2993.899,0.9802698
913.5159,2995.6626,0.98074555
903.80365,2964.8005,0.9857686
887.90674,2929.8687,0.976528
892.71277,2930.2224,0.97710675
892.3854,2928.3652,0.97642744
894.19464,2929.602,0.9763926
905.59143,2928.0818,0.9863686
905.39886,2950.8452,0.9841515
897.3579,2985.7324,0.97936946
880.23706,3031.141,0.9819394
880.8158,3031.388,0.9817686
888.59326,3048.2903,0.9847601
888.12726,3042.0083,0.9817816
889.6129,3035.13,0.968176
889.2788,3024.3042,0.9763423
884.7555,3017.602,0.9780976
894.17346,2992.9377,0.98587877
886.7798,2968.2986,0.9868008
914.56323,2950.3247,0.9782713
916.6991,2927.2922,0.974076
917.60876,2926.8188,0.97512996
896.80664,2917.884,0.98470914
896.65967,2921.2397,0.9842494
886.1955,2927.127,0.98282146
880.30286,2967.4492,0.98234093
879.1161,2967.2559,0.983132
883.57275,3017.9507,0.9580296
875.5919,3039.1934,0.98411363
874.6765,3037.7336,0.9817607
872.49365,3029.185,0.9812812
872.8168,3028.7336,0.98123634
872.17676,3012.0696,0.98559606
882.57983,2998.7239,0.9852326
891.05884,2975.4849,0.97825646
874.37054,2952.1558,0.98084223
873.7322,2952.2258,0.982077
875.35913,2929.8796,0.967986
884.91956,2934.0498,0.97201705
882.8777,2934.6077,0.9705094
905.3922,2930.4766,0.97540057
901.1272,2933.11,0.98508054
903.40814,2963.264,0.98234314
884.46295,2998.6711,0.9841166
880.8107,3035.4246,0.98002553
877.54517,3046.2856,0.98385215
877.8312,3044.9124,0.98364097
870.7051,3040.1204,0.9830729
867.17786,3035.473,0.9870077
871.5442,3025.0469,0.9854438
870.42834,3000.0764,0.9785286
869.8115,2999.1262,0.97832197
862.3039,2980.6418,0.9841487
897.69965,2968.0044,0.9755897
879.14557,2932.0708,0.98401135
860.8899,2921.2292,0.9695454
858.40063,2914.639,0.96958447
865.2499,2938.518,0.96534425
899.8622,2932.9292,0.9755376
892.38416,2964.3923,0.9750293
874.2146,3000.226,0.9795634
855.6991,3006.7603,0.98116183
870.1646,3030.8403,0.98253137
834.02747,3036.705,0.9508892
869.698,3034.394,0.984304
867.8542,3025.8716,0.9730847
868.6736,3028.113,0.9725928
875.56104,3005.8694,0.9845616
869.8805,2978.2217,0.9845718
883.5672,2950.3042,0.9858131
908.31885,2940.0918,0.98183
907.3702,2937.839,0.9818339
898.36,2935.0322,0.9741639
898.4449,2933.524,0.9759731
908.5747,2929.8308,0.9852836
897.8487,2935.6765,0.9857303
906.77234,2940.1636,0.9871191
902.4133,2979.8462,0.9793987
889.69775,3022.7373,0.98327535
885.4149,3048.6206,0.98419833
886.5707,3044.948,0.9850503
887.2729,3045.855,0.98521686
859.5939,3037.2786,0.9607729
889.7648,3025.5015,0.98752594
894.97546,2999.148,0.98645765
878.3458,2970.2246,0.98412585
878.9242,2971.479,0.9849526
910.8838,2950.442,0.9751741
903.95044,2930.8015,0.9856924
897.62756,2935.1953,0.9874658
904.8653,2930.6216,0.9858543
885.47314,2941.8157,0.9787709
894.6198,2954.7686,0.9854351
898.3035,2987.9336,0.97711253
881.7772,3031.2998,0.96797144
879.81793,3047.8809,0.96882164
878.7396,3045.9194,0.96912485
875.7909,3041.5762,0.9621196
874.63824,3036.7317,0.96304494
887.59937,3037.3987,0.9653647
890.0226,3023.2292,0.9868341
889.8568,3022.7146,0.98670435
890.1987,2979.4944,0.97215784
888.7877,2959.42,0.9811957
895.71844,2935.8916,0.9817093
892.6315,2935.8652,0.9687072
894.57916,2937.6558,0.9697213
897.1807,2932.9248,0.971
893.5741,2941.6265,0.9730977
891.8844,2939.0122,0.9852424
894.4316,2980.7324,0.974345
895.0614,2981.4927,0.9743516
877.5266,3023.4827,0.98186433
877.3753,3046.2056,0.9816497
881.85223,3047.3054,0.9836219
879.06793,3040.1519,0.98376334
878.79065,3040.5444,0.9833429
882.24994,3033.5518,0.98739374
885.984,3014.082,0.9881103
897.75793,2991.6687,0.9855818
887.0442,2964.3086,0.983698
887.9806,2961.9995,0.9839541
899.6347,2946.836,0.98132527
903.3346,2942.748,0.9846713
906.621,2952.4902,0.98586965
904.4306,2952.3958,0.98450315
905.2401,2952.3977,0.9840524
905.3623,2981.0947,0.9836332
890.9813,3028.5679,0.98275304
886.8206,3053.695,0.98485434
887.0259,3051.5457,0.9834442
886.93634,3051.5696,0.98365766
886.84827,3045.9722,0.9848535
887.97675,3037.0366,0.9720471
895.85913,3015.2468,0.98668784
892.7124,3001.826,0.9850817
897.0818,2994.376,0.97861767
908.0504,2967.086,0.98422897
885.0199,2956.15,0.9691233
906.76965,2940.7651,0.9794597
921.7194,2943.4531,0.9758695
921.261,2942.0674,0.975926
913.4339,2945.7297,0.97882515
908.2379,2967.755,0.9843115
883.68945,3011.7634,0.9803119
866.34467,3039.2676,0.9819036
865.9576,3039.5706,0.98158526
866.31946,3057.0151,0.9820899
869.56696,3046.3813,0.98047763
873.4488,3046.266,0.9812734
882.18835,3023.0674,0.9854059
882.411,3022.3594,0.9866224
892.3425,3002.7107,0.98604023
873.5884,2988.422,0.9802352
880.0896,2954.8818,0.98337007
890.02167,2929.1838,0.98484904
889.8252,2929.0474,0.98517346
896.6763,2934.1743,0.98565453
901.9597,2952.093,0.9845221
907.3345,2957.211,0.98147994
898.8119,2997.732,0.98547345
897.70294,2996.8765,0.9854897
893.77313,3039.8354,0.97830427
890.434,3042.2163,0.9855385
895.1686,3045.9958,0.9827908
894.74615,3033.0415,0.98853546
895.9197,3033.5908,0.98788935
898.5398,3021.0107,0.98904806
901.944,2990.7354,0.9897446
894.1104,2955.458,0.9855258
894.1027,2922.74,0.9834742
896.4883,2927.258,0.9835902
890.65784,2922.5144,0.976189
908.4712,2921.5247,0.98600173
905.4137,2922.7979,0.98503983
911.1456,2936.3604,0.9863409
910.61584,2934.9265,0.98625815
903.60144,2970.0625,0.98530674
893.3496,3009.6377,0.9843406
883.97974,3027.0557,0.9860314
886.175,3030.8274,0.9858278
884.8259,3032.7637,0.9866859
883.845,3035.0615,0.9887764
894.72876,3026.85,0.97973484
891.9036,3002.1238,0.9869372
897.8688,2973.5264,0.988383
898.22156,2974.4407,0.9882039
894.4612,2944.6152,0.9816336
908.6266,2934.753,0.98117137
902.08154,2924.176,0.9795551
907.02814,2921.7808,0.980685
907.50635,2921.2837,0.98034394
903.69434,2920.0713,0.9812593
892.57983,2939.0251,0.98232895
905.3356,2981.0503,0.985499
899.3762,3022.353,0.9846414
898.773,3024.062,0.9866666
885.8838,3040.5508,0.9882814
876.984,3045.0635,0.9814109
892.1128,3031.515,0.98742735
892.4784,3031.753,0.9873137
850.6628,3021.1445,0.96305484
894.3911,2983.1821,0.9872958
903.7348,2964.2979,0.98617446
894.6722,2948.0815,0.98213357
894.46967,2948.1267,0.9820692
899.67444,2936.2166,0.98455274
903.2853,2923.5764,0.9860118
897.96265,2921.8486,0.98628634
903.9961,2926.9595,0.9820524
903.18225,2926.012,0.98251665
885.5436,2959.3413,0.9797054
888.72864,3012.4307,0.9826203
882.69226,3033.7441,0.9849171
874.75104,3042.0918,0.9841181
873.8552,3039.5583,0.98393977
878.98627,3043.0127,0.9824707
884.22253,3017.1729,0.9868868
882.81726,2994.201,0.9882107
888.8451,2966.6245,0.98591864
889.99976,2969.5762,0.9854742
897.0789,2944.0276,0.98411185
899.54315,2918.1174,0.9839802
905.61584,2908.8638,0.9853114
907.0061,2921.5059,0.9846935
907.3643,2923.3472,0.98454267
895.8838,2920.3674,0.98623264
888.9833,2959.8474,0.98451567
901.7862,3009.9053,0.9767461
884.6378,3033.6594,0.9786835
885.4336,3034.4893,0.9785099
891.44055,3045.0603,0.9790607
893.37524,3038.6196,0.983073
897.6297,3019.7766,0.9818264
886.1563,2981.9,0.988351
886.2772,2981.6028,0.9882832
881.8255,2966.4133,0.9831613
881.4586,2921.662,0.98652554
895.9922,2921.096,0.9842473
899.6457,2914.5479,0.9842977
899.7244,2915.5938,0.9844355
899.8806,2917.9023,0.98497623
883.92206,2937.884,0.9855177
889.52765,2984.219,0.9837646
882.0692,3027.6143,0.97951937
882.56665,3027.5771,0.979323
886.5943,3044.9924,0.98093146
883.03326,3036.613,0.9838554
889.1664,3039.0505,0.9814244
892.58826,3020.958,0.9829883
891.83295,3022.0464,0.9843962
887.15735,2997.709,0.98843586
882.1979,2984.4243,0.9825204
880.56244,2952.8433,0.9837797
891.544,2935.1978,0.98430866
890.8519,2932.5127,0.98462695
901.0928,2927.6318,0.9852212
901.3171,2925.6685,0.98314464
902.57227,2933.3167,0.9831045
896.51074,2932.391,0.9836258
895.95667,2933.127,0.98387665
882.8104,2970.5835,0.98326564
888.7324,3027.0225,0.9753473
883.153,3055.251,0.9753882
876.58875,3038.547,0.9826895
875.5186,3039.2988,0.98332846
877.0696,3047.8467,0.9780141
884.79407,3039.0085,0.9776143
879.39417,3014.9087,0.9880056
883.8778,2988.5679,0.98390895
882.9051,2989.5781,0.98412746
873.5968,2952.8633,0.98021233
872.62463,2922.6055,0.98267347
885.42645,2909.4082,0.9838097
893.54974,2922.012,0.9828568
894.0595,2922.232,0.9827672
890.67664,2922.634,0.98328424
877.8426,2944.984,0.98412675
883.3602,2998.3486,0.9825922
879.1802,3037.7937,0.98296195
883.0017,3037.3657,0.98339903
882.5563,3041.975,0.98000526
877.30444,3043.6067,0.98337495
881.75574,3033.647,0.984844
876.19226,3024.4675,0.981234
875.766,3021.4124,0.9816777
871.4966,2982.166,0.9867928
872.46375,2965.6157,0.97922015
875.63104,2923.663,0.98341167
874.42676,2870.7534,0.9807772
882.4706,2891.3364,0.98142195
905.09326,2918.4185,0.9771334
892.33496,2940.6606,0.97696143
884.2231,2973.641,0.98128706
879.8761,3017.4778,0.9813866
880.11523,3018.3384,0.98133135
887.62885,3044.8347,0.9833069
890.04956,3040.0637,0.985292
885.70074,3025.285,0.98550886
883.7167,2999.391,0.9847499
885.13403,3001.5571,0.9840789
884.7721,2961.1238,0.98413575
876.01886,2946.1333,0.9834252
886.7668,2910.7588,0.9824206
881.5677,2928.3274,0.9773595
882.3726,2929.4702,0.9767215
883.1997,2925.5312,0.97872823
897.3829,2919.9546,0.98801476
894.33264,2919.045,0.9846281
894.68054,2926.621,0.97825617
878.71967,2922.9895,0.9851778
875.98517,2982.6821,0.9830921
870.1284,3017.3757,0.98055935
877.9023,3033.7837,0.98522097
879.6841,3035.3057,0.98318255
879.7366,3034.3071,0.9830738
874.1406,3020.5403,0.9867749
872.12476,2991.1628,0.9869343
874.05774,2967.7847,0.98689574
862.1783,2922.7632,0.9853871
863.18866,2924.4336,0.985488
885.5896,2906.9553,0.983284
895.7366,2894.6746,0.98574173
902.5296,2903.1074,0.98581994
909.0176,2913.2163,0.98384005
908.5391,2917.8403,0.9841823
913.9708,2922.3918,0.98956025
888.9971,2946.0022,0.98452365
879.9341,3004.944,0.979359
892.86414,3042.5107,0.98082376
893.055,3042.307,0.9804521
881.098,3044.372,0.9748047
889.41174,3024.695,0.9853919
897.0756,3021.4985,0.9810549
889.08417,2983.0918,0.9859812
887.6845,2980.4258,0.9875766
897.6176,2950.246,0.986231
890.5598,2923.0225,0.98514104
898.264,2916.037,0.9858893
899.3397,2922.9426,0.9863214
903.4596,2924.9292,0.98648447
901.4961,2925.9155,0.9873877
897.33856,2936.292,0.9867524
890.69403,2956.2239,0.9798219
890.7335,3008.2947,0.98349077
883.80054,3012.5664,0.9751972
872.0541,3044.0369,0.9823361
869.25183,3050.2158,0.9807781
877.49615,3053.2168,0.9831529
885.18713,3044.606,0.980988
885.2232,3044.8628,0.9816347
890.285,3025.8362,0.978912
896.1516,2994.8164,0.9869277
899.4794,2964.433,0.988091
895.82117,2950.5903,0.9835344
894.8602,2948.0117,0.9837667
894.4032,2932.8013,0.98446804
903.8208,2928.2144,0.98394656
900.5592,2930.8943,0.9844619
890.6992,2942.6704,0.9845642
889.84296,2945.409,0.98450166
896.56055,2968.5317,0.98582006
877.2246,3001.0986,0.97354215
875.5303,3039.037,0.97531974
880.7397,3040.1665,0.98135823
881.00116,3038.4084,0.9819588
879.8612,3045.169,0.9808617
884.9537,3019.4714,0.9851243
882.45685,2994.175,0.983158
872.5168,2946.802,0.98111916
874.3944,2952.0828,0.9816902
885.66406,2918.8157,0.98186445
899.75354,2912.9104,0.98332983
905.4011,2921.2554,0.9849605
911.57153,2926.1401,0.98484945
911.9689,2924.5967,0.9846756
904.588,2925.7595,0.98910123
875.5578,2947.8203,0.9864784
889.4099,3002.4048,0.9853011
891.2258,3047.9504,0.9795147
890.157,3047.81,0.98039687
886.3905,3052.436,0.98146194
886.2262,3023.8376,0.98769915
887.9742,2990.305,0.9884983
896.7478,2976.2734,0.98778754
898.96875,2979.3542,0.9880745
905.7483,2959.6597,0.98539585
892.8109,2923.0688,0.98581994
897.78687,2919.7812,0.9866471
899.75757,2920.3413,0.9871343
899.5206,2919.463,0.98727036
901.7366,2925.8066,0.98725176
907.4121,2934.6099,0.987528
901.9012,2952.1606,0.9867605
886.2505,2992.413,0.9777263
887.5403,2993.6577,0.9777834
890.24615,3013.8906,0.98788995
879.28326,3047.2622,0.97714764
873.9838,3037.7754,0.98250294
854.5915,3038.5818,0.96132827
889.8565,3034.5356,0.9810142
886.7261,3004.3083,0.98581725
888.7545,2986.8096,0.98724747
903.62164,2971.0347,0.9761722
888.0055,2944.965,0.98386604
887.4578,2944.7812,0.9839843
888.5795,2925.129,0.9850209
887.4388,2916.324,0.9864152
891.34644,2914.0757,0.9863137
900.60815,2956.652,0.9852697
887.7053,2944.411,0.9806989
888.3001,2988.2773,0.9764448
902.63464,3020.289,0.9777259
888.6443,3048.7524,0.97940356
886.0058,3049.0286,0.9843464
886.2728,3049.4634,0.98385435
859.9521,3041.0981,0.95862556
854.0366,3009.9932,0.9675702
898.2484,2974.082,0.99023765
896.0536,2942.7356,0.98810285
897.2254,2945.8633,0.9886825
885.5676,2905.9397,0.98611164
906.035,2933.7593,0.986
904.47437,2928.6626,0.98763055
905.1105,2927.92,0.9857509
906.3861,2928.2695,0.98604554
911.2163,2948.6616,0.986073
886.4313,2984.69,0.98722315
887.1438,3028.628,0.98463887
891.29614,3049.9387,0.9800918
891.7824,3051.804,0.9806575
890.64905,3048.0222,0.9816374
890.6968,3025.631,0.98739505
884.91815,3001.553,0.9885876
889.9462,2958.4988,0.98856235
890.3476,2957.6895,0.98778546
891.68823,2927.127,0.98517656
904.95337,2913.6533,0.98410827
901.27136,2901.6372,0.9861842
902.5526,2904.4668,0.98671615
901.8728,2905.1492,0.98693895
896.088,2901.2761,0.98701197
897.74615,2907.5356,0.98098123
891.19904,2954.8167,0.9841008
888.0522,3008.3733,0.9826518
888.07965,3008.6636,0.98291266
879.26965,3033.5518,0.9817738
884.80115,3039.193,0.9770091
876.1694,3036.6108,0.9806286
873.38696,3041.5217,0.97542745
879.17413,3023.8389,0.97337466
874.51514,2985.7097,0.9829533
884.5104,2959.6902,0.98089266
896.9408,2937.587,0.97671187
895.9237,2932.8252,0.97690624
904.42053,2910.0908,0.96987444
907.63513,2913.2402,0.98336387
900.6297,2912.2666,0.9765202
884.51715,2903.9355,0.98046285
874.9717,2902.433,0.9802608
875.3247,2973.8047,0.9842815
873.5462,3015.5256,0.9839408
874.16675,3030.5806,0.9843172
872.0387,3031.6584,0.9845828
870.99207,3031.136,0.98510414
880.17737,3040.3113,0.98073465
884.3888,3024.9805,0.97783685
884.88794,3022.9905,0.97436166
878.76794,2999.9004,0.97967154
879.6887,2996.1404,0.98131734
894.06354,2971.8105,0.989502
889.44885,2954.6492,0.98337066
892.5481,2935.7734,0.9833814
897.4858,2935.3877,0.984611
909.23425,2939.336,0.9865932
898.7972,2927.8125,0.9885914
892.2123,2940.0073,0.9823219
871.65076,2977.983,0.9837376
865.83777,3006.0183,0.98236936
864.7998,3006.7197,0.98369044
857.65356,3022.727,0.985544
851.95953,3014.3826,0.98672765
851.7486,2992.625,0.98727393
853.17163,2974.7737,0.98634005
859.162,2979.906,0.9868324
861.62823,2952.3552,0.98783094
893.423,2936.91,0.9785243
890.92786,2922.9653,0.9843934
906.8743,2920.4297,0.9803386
907.526,2922.1868,0.98010856
907.4707,2926.0825,0.9803641
903.7436,2921.8865,0.9823934
875.0242,2925.503,0.98722446
868.14716,2982.1558,0.9851776
865.9606,2980.7607,0.98549366
868.6477,3034.3132,0.97909504
852.56555,3032.0117,0.9804094
849.2245,3034.817,0.9835434
852.4446,3019.2444,0.9835227
853.36304,3018.1611,0.9845465
845.8114,2985.687,0.98644626
863.818,2954.131,0.98631114
854.30054,2954.7954,0.9776709
888.555,2924.9453,0.99326843
888.63184,2925.8196,0.9932749
900.22906,2911.7847,0.99318683
888.6006,2934.1035,0.98091805
908.4025,2933.8877,0.982405
885.24744,2960.8513,0.98871875
876.97687,2966.1987,0.9902654
870.3175,3013.5276,0.99004143
861.13806,3029.8875,0.98790365
865.76,3033.357,0.9884311
860.8052,3024.251,0.98840535
860.57135,3023.33,0.988356
867.2648,3006.9236,0.9875789
874.5943,2980.039,0.9887967
899.33325,2956.1733,0.9834801
903.1115,2935.8794,0.97937095
903.07526,2936.8042,0.97889584
883.6293,2932.724,0.9792697
890.2584,2930.8948,0.979705
899.2134,2922.5654,0.9868259
891.11206,2927.765,0.9869567
892.9623,2927.81,0.9865509
884.3938,2948.081,0.9870855
872.24725,2987.3564,0.9884084
876.05493,3016.4346,0.9876095
872.54456,3027.804,0.98920864
871.77155,3027.2307,0.9891243
873.5572,3026.583,0.989132
879.02466,3018.7322,0.9881159
880.2299,3001.9028,0.9880735
871.9832,2977.9902,0.98823094
871.0457,2976.7588,0.9882522
884.9696,2949.7349,0.9852107
895.231,2933.665,0.9857631
896.61914,2942.261,0.9754782
901.55566,2941.8574,0.9762917
900.36255,2939.3882,0.9760992
902.7138,2912.6335,0.9855296
889.4822,2924.305,0.98689425
889.4947,2944.6099,0.984088
880.2288,3000.046,0.9861
