1211.641,2059.1719,0.92693675
1223.9866,2085.6018,0.90542394
1226.1886,2102.834,0.9249827
1239.7576,2131.5603,0.9157475
1253.9918,2157.1248,0.9182442
1251.7228,2176.4785,0.89212835
1247.067,2192.814,0.8939434
1239.6984,2190.059,0.86439675
1231.0337,2176.4888,0.9002534
1197.2418,2158.7996,0.8908339
1199.8245,2138.6584,0.88297087
1188.3052,2113.936,0.89130574
1162.6229,2087.066,0.88756824
1156.7808,2059.709,0.90084517
1156.6326,2036.9125,0.91757023
1153.72,2020.0873,0.91834575
1160.4989,2015.3932,0.92231953
1165.848,2021.7755,0.9354258
1190.1014,2044.1067,0.9089657
1211.113,2067.6653,0.9134592
1234.4548,2094.6968,0.9038862
1251.9795,2135.9463,0.9080872
1274.2987,2178.6277,0.90531635
1259.8428,2211.8455,0.8606052
1271.0059,2228.8945,0.8081663
1274.7598,2228.6108,0.83178407
1278.3646,2219.2854,0.8510673
1257.0436,2201.7275,0.84781456
1255.4626,2174.067,0.8864955
1229.6633,2143.2803,0.8720497
1197.7664,2110.852,0.8237355
1211.5881,2080.3308,0.87885946
1204.2738,2058.5645,0.8885694
1195.625,2044.0972,0.9021617
1198.4419,2036.7806,0.90347034
1196.6182,2038.7317,0.89106774
1209.0869,2050.4524,0.9077298
1231.4338,2073.0784,0.88395506
1239.6025,2096.2407,0.85156035
1235.0995,2124.978,0.8377836
1254.9618,2162.2236,0.84225863
1262.6621,2195.1467,0.78133124
1281.1893,2226.2969,0.7834431
1284.0438,2246.047,0.77999985
1282.9552,2248.4248,0.78606504
1282.5315,2243.1758,0.7971725
1280.0598,2223.661,0.78544354
1239.4054,2205.0693,0.8054409
1249.1661,2179.4805,0.82608646
1239.6587,2142.7314,0.8500564
1204.4008,2113.5242,0.7791043
1223.1919,2081.6982,0.842834
1225.8412,2063.5305,0.86168015
1238.655,2054.913,0.87904334
1231.6592,2052.7102,0.8793626
1227.4719,2060.0613,0.87945634
1230.5266,2078.5278,0.8483171
1242.2375,2102.203,0.8397121
1241.7181,2134.9287,0.8081804
1250.6788,2173.4658,0.814846
1274.1411,2205.619,0.8102349
1278.2631,2235.601,0.8238958
1274.3657,2252.482,0.7778495
1275.3877,2249.8003,0.7674797
1258.1981,2232.8108,0.74438775
1244.0269,2214.9846,0.78610367
1231.2402,2194.5117,0.7809457
1214.2217,2165.2834,0.8047632
1192.567,2133.943,0.75191027
1186.4608,2102.6492,0.76227283
1200.3872,2076.3596,0.8366482
1198.2985,2064.8337,0.83641046
1206.4172,2057.2495,0.83420944
1210.0552,2057.601,0.85655624
1208.4022,2072.9585,0.837978
1208.5782,2096.085,0.75881976
1211.4878,2119.552,0.75609946
1237.2777,2164.0173,0.7953267
1249.4166,2195.9592,0.8080427
1263.9895,2222.0308,0.78629893
1272.7468,2233.9424,0.7813704
1275.4678,2232.418,0.7979388
1256.5168,2221.4692,0.7762862
1242.2515,2201.531,0.77981836
1240.123,2179.0667,0.80581355
1214.5713,2145.5,0.76497954
1214.5463,2120.454,0.76519126
1215.5603,2101.384,0.7971434
1206.4508,2086.2307,0.76208985
1226.738,2082.5537,0.8019515
1226.1644,2087.5815,0.7841548
1215.9481,2094.0103,0.78566825
1218.9426,2118.4395,0.73654836
1229.2992,2139.783,0.75767905
1244.2012,2181.3567,0.786514
1269.2336,2215.9285,0.80759865
1283.1083,2236.5378,0.77423435
1296.048,2263.8594,0.8141532
1280.4297,2264.8835,0.78271097
1273.1472,2251.8345,0.77008456
1256.8823,2233.5127,0.77138233
1235.34,2212.514,0.7927835
1211.7579,2182.5298,0.78211635
1195.8193,2154.342,0.75248915
1195.1072,2121.6204,0.7410449
1196.8113,2104.9788,0.771825
1216.3152,2088.129,0.79176235
1213.1912,2080.4192,0.81669825
1219.7048,2082.4077,0.8562156
1223.5447,2092.3691,0.84168077
1220.0072,2120.2432,0.7781054
1222.396,2136.7979,0.77776086
1229.4622,2173.631,0.821281
1245.8435,2211.5103,0.80378544
1265.755,2234.507,0.8157901
1257.2263,2242.588,0.7907606
1251.6274,2235.4104,0.77124137
1245.4535,2220.332,0.767578
1226.2253,2192.498,0.8120618
1209.8191,2170.2793,0.7973848
1214.5902,2145.4526,0.79513687
1218.4792,2123.977,0.7854723
1215.8628,2097.2368,0.8103635
1229.6204,2083.984,0.83076346
1216.6616,2074.209,0.8131331
1215.7454,2076.746,0.8114094
1227.881,2088.9805,0.80597514
1211.113,2108.2517,0.76468486
1242.7527,2129.356,0.8207684
1244.0925,2165.9746,0.7915763
1256.941,2191.062,0.8064778
1274.2354,2217.1724,0.80494606
1272.7378,2236.0535,0.8042472
1273.9164,2242.193,0.8237108
1269.4281,2234.9512,0.7936592
1253.7275,2218.0986,0.8195854
1245.2911,2198.3477,0.8462224
1213.666,2169.1597,0.80947554
1201.2689,2142.6218,0.77616453
1178.7462,2119.5933,0.77996343
1192.0793,2101.6733,0.77244526
1191.407,2086.251,0.765132
1191.8699,2080.4177,0.7952327
1186.1952,2083.2402,0.767108
1199.1385,2091.0918,0.7654602
1202.7161,2115.6797,0.7091431
1203.3833,2133.983,0.7242656
1246.2864,2178.3857,0.82751703
1247.9,2208.651,0.8253261
1280.2661,2229.6685,0.84030646
1269.2404,2259.1663,0.7843329
1269.6575,2259.7856,0.78566384
1257.4832,2249.5264,0.7691381
1252.3748,2230.7295,0.8114099
1236.8611,2218.1567,0.77544487
1218.4661,2181.561,0.7913096
1208.9415,2150.6316,0.75240433
1210.2383,2123.4011,0.7660731
1194.595,2112.095,0.70378655
1197.5757,2096.333,0.6979086
1203.4144,2087.5874,0.71115464
1214.6512,2091.4724,0.7164851
1220.3413,2104.857,0.7441841
1219.4331,2119.3276,0.74813026
1242.9921,2141.0693,0.78758687
1262.0629,2182.7544,0.8169438
1287.2471,2214.1626,0.79570526
1307.9182,2236.0347,0.8117455
1306.7207,2258.3025,0.75849766
1308.7319,2259.329,0.773529
1301.1458,2239.8975,0.7661678
1291.875,2222.4255,0.77509725
1272.8674,2208.9658,0.7841187
1262.4535,2178.5498,0.785095
1240.6892,2147.8442,0.7660771
1232.4182,2118.8572,0.7599607
1225.2639,2097.8508,0.70972383
1227.21,2087.1028,0.7181985
1227.2715,2082.742,0.70614934
1231.7034,2089.3994,0.73684996,0.0,0.0,0.017939266
1237.993,2109.483,0.72689235
1261.2721,2127.294,0.75339824
1288.0442,2157.7388,0.79600626
1306.3237,2190.996,0.78600574
1326.9758,2223.987,0.79434025
1340.7644,2242.768,0.80825984
1334.8657,2263.7656,0.7504103
1322.7675,2254.9417,0.7520309
1310.1381,2240.6973,0.74898046
1297.5657,2219.6677,0.7759651
1288.9171,2201.5015,0.792619
1268.8052,2176.8008,0.7671264
1263.7438,2142.103,0.8171357
1233.8035,2121.393,0.7675302
1223.6295,2100.0752,0.7185424,0.0,0.0,0.017080171
1221.9648,2091.098,0.73320556,0.0,0.0,0.016453933
1225.6779,2085.2573,0.7081687,0.0,0.0,0.01708974
1224.2424,2092.5093,0.7300727,0.0,0.0,0.017819263
1227.8767,2107.0447,0.7599592,0.0,0.0,0.016515028
1254.6066,2127.0269,0.7751425
1273.2915,2157.8518,0.78487873
1296.9241,2182.6367,0.77528393
1309.5555,2219.6697,0.76931614
1330.0889,2250.0386,0.7630074
1337.315,2259.3794,0.7567261
1328.5432,2252.185,0.7690966
1335.8405,2228.012,0.80104107
1308.8998,2212.8755,0.8043892
1294.6709,2190.8567,0.80252856
1273.0662,2171.3179,0.79155284
1244.5742,2133.3232,0.7696521
1229.6862,2112.1912,0.76377356
1223.0891,2093.037,0.71955353
1222.7976,2082.7747,0.7124755
1223.3378,2082.2085,0.7233368
1229.5808,2089.7222,0.74200904
1244.6239,2106.1455,0.77828914
1269.5828,2129.307,0.77529234
1298.906,2155.358,0.8419421
1312.6083,2187.9924,0.81329006
1346.2224,2223.3396,0.8269089
1359.1963,2236.0562,0.85412157
1354.2374,2247.296,0.81636965
1360.7505,2240.7415,0.8479708
1360.7993,2223.447,0.85578173
1331.733,2219.0625,0.7670439
1319.4047,2189.7986,0.7940384
1295.4387,2167.2236,0.776434
1288.1399,2137.7056,0.76637375
1267.9421,2115.638,0.75815904
1259.585,2098.2837,0.7659164
1253.7684,2084.9495,0.75326306
1263.7825,2087.442,0.7731227
1267.3495,2099.0605,0.75995266
1280.7288,2122.1328,0.7786458
1312.8975,2139.521,0.8283284
1307.1648,2177.1616,0.78893137
1329.1665,2213.87,0.79895383
1347.2401,2240.7417,0.77416027
1361.802,2248.8044,0.82181406
1342.0997,2256.311,0.76898867
1341.0876,2240.6235,0.7721547
1318.7471,2220.6309,0.7604965
1311.8289,2204.778,0.77450603
1288.2351,2177.5571,0.7634357
1270.9712,2154.2197,0.75028676
1256.0513,2130.7913,0.77127403
1237.3801,2110.5977,0.7388748
1232.8809,2094.5017,0.74623466
1234.9779,2087.353,0.72276443
1236.4092,2094.8132,0.747987
1272.5054,2112.4697,0.7926374
1274.7909,2133.5928,0.7486588
1291.1014,2164.2905,0.7546206
1302.773,2193.1187,0.771373
1331.084,2221.1357,0.8200844
1339.6869,2243.8074,0.8109721
1334.4448,2250.5823,0.7712956
1322.1476,2245.2134,0.76539356
1309.0145,2222.541,0.7462215
1308.1691,2206.9226,0.7839945
1270.9216,2181.7102,0.7568322
1253.0034,2159.695,0.7741095
1242.3586,2125.0364,0.76856196
1223.7366,2101.8335,0.7369085
1229.0682,2079.4124,0.7376594
1225.5583,2073.9297,0.73965853
1232.455,2071.063,0.78810376
1233.879,2082.149,0.7609549
1244.5869,2101.9,0.7297508
1282.4496,2129.3762,0.7930065
1302.3445,2163.7007,0.7782992
1340.4673,2195.922,0.82071525
1344.8628,2220.2773,0.8437971
1344.9211,2237.2998,0.8067311
1354.2244,2229.4912,0.8288468
1348.8892,2213.3489,0.8127937
1331.1013,2196.312,0.80659276
1323.5753,2173.0728,0.82201636
1303.374,2151.4756,0.83158726
1284.4885,2127.6208,0.8074167
1251.3214,2101.2568,0.7903329
1248.7753,2077.7266,0.8055086
1250.7756,2057.3574,0.83794177
1247.2212,2045.2205,0.8184385
1246.5693,2043.5247,0.8260348
1254.6538,2051.0088,0.84332114
1269.3008,2070.367,0.8144171
1285.5038,2089.3574,0.80986214
1306.9851,2126.6804,0.8176048
1337.8246,2155.7246,0.851748
1357.9319,2185.1304,0.8555806
1356.651,2210.5347,0.83252233
1359.3796,2216.9697,0.8296285
1357.3069,2204.6133,0.8246807
1365.2041,2182.5376,0.8433908
1344.7415,2172.6455,0.8261643
1315.342,2159.0234,0.8230173
1305.0991,2127.8638,0.7882903
1278.8235,2110.172,0.8051934
1277.3184,2087.881,0.8137277
1262.0038,2073.8184,0.78379023
1258.0222,2068.826,0.7821075
1259.9801,2067.8284,0.7683938
1272.994,2080.7466,0.77336663
1289.8835,2087.9778,0.7973877
1302.2208,2119.4863,0.81480944
1319.5505,2158.1943,0.83888495
1337.6646,2189.4084,0.83686393
1343.1257,2214.8445,0.82912475
1343.9153,2225.7478,0.80360645
1347.7324,2220.8708,0.83189845
1326.3171,2209.0156,0.82349086
1325.5415,2183.2932,0.83396906
1310.6938,2165.7512,0.8350477
1289.8562,2135.7563,0.85191494
1259.0721,2120.44,0.8181849
1255.9019,2088.4712,0.8102711
1253.6416,2073.6902,0.8130885
1243.1436,2065.4236,0.81304175
1237.5284,2064.6833,0.8049865
1248.2733,2068.6433,0.8130503
1253.1887,2083.8157,0.80066097
1251.3499,2109.8682,0.7843238
1296.0574,2135.2964,0.83755505
1303.8877,2174.4026,0.86936104
1297.5745,2209.697,0.83713305
1297.0789,2228.1838,0.8102326
1287.9727,2235.0698,0.7886117
1285.5883,2226.0913,0.7681154
1265.4023,2215.2073,0.75590426
1254.5312,2194.2073,0.7417472
1232.1176,2183.6636,0.7732407
1220.696,2162.006,0.7776324
1188.7607,2128.393,0.7131018
1189.1826,2116.6416,0.68980396
1201.7495,2110.0913,0.7124151
1195.087,2106.0725,0.72272545
1190.8877,2106.2173,0.70382655
1199.4502,2116.3276,0.7109322
1193.4818,2134.181,0.71706784
1219.2739,2170.773,0.78263533
1224.5591,2200.1802,0.79350483
1246.1489,2229.9807,0.7668246
1257.6821,2257.1296,0.7406085
1254.6917,2272.2607,0.7325566
1251.1909,2273.603,0.76763093
1230.1517,2256.048,0.7460591
1213.6337,2237.5154,0.7641908
1200.8104,2219.4907,0.752187
1186.7107,2199.1912,0.76855814
1181.2966,2169.3218,0.78959966
1179.3892,2136.5747,0.77934206
1178.6353,2120.274,0.7341607
1176.4121,2106.6396,0.73765063
1173.2465,2101.0173,0.71971333
1179.9648,2103.4448,0.71382934
1184.036,2113.1172,0.7237145
1192.8058,2132.269,0.75470227
1204.023,2170.8025,0.8150644
1222.2091,2201.0818,0.7851432
1237.2639,2236.6226,0.7664454
1243.783,2254.419,0.7573389
1247.1184,2268.5005,0.7216795
1246.7327,2259.555,0.7760389
1232.1892,2248.7644,0.77062035
1218.0493,2231.8572,0.7375596
1215.0802,2217.1404,0.7711044
1195.0448,2196.0334,0.772812
1183.4978,2172.384,0.76176673
1168.7859,2142.7886,0.7360754
1168.3517,2127.8037,0.7236549
1167.0225,2114.4255,0.7028099
1171.345,2109.9421,0.7116649
1178.9707,2112.1748,0.73947287
1179.0647,2126.999,0.7173925
1184.0222,2154.0532,0.7473002
1197.4983,2193.5007,0.8043175
1207.1715,2229.4539,0.79273975
1211.615,2266.6934,0.78572553
1210.5814,2286.7227,0.7673597
1212.5801,2284.0176,0.7809152
1188.8203,2264.9778,0.7226838
1166.0078,2241.2268,0.7361484
1162.9999,2219.0352,0.76736355
1144.4116,2188.2324,0.75535035
1135.5962,2159.8267,0.7833437
1146.1404,2139.6892,0.7636645
1148.6202,2129.4636,0.7428609
1145.9502,2118.0671,0.767458
1148.0546,2121.3599,0.74701566
1151.2589,2131.5154,0.7529959
1153.376,2147.6257,0.6854348
1161.5553,2165.1672,0.7487922
1172.2001,2195.7646,0.7685925
1195.0463,2225.6638,0.77224624
1195.9336,2248.7163,0.74372554
1208.0557,2270.5518,0.75572824
1202.0054,2266.7085,0.73755425
1194.0181,2255.7563,0.72179496
1182.9789,2238.6177,0.74283606
1173.9219,2219.6272,0.75177103
1161.3125,2191.8037,0.72657084
1153.1494,2165.9302,0.7384922
1160.8992,2139.9536,0.76263094
1155.853,2130.1042,0.7277663
1158.078,2120.6914,0.74446636
1157.1594,2119.789,0.7658692
1163.8876,2137.7822,0.73596686
1174.0345,2159.9087,0.75656337
1183.8972,2198.8013,0.77753276
1198.7576,2232.2478,0.7758567
1203.0576,2267.3896,0.72507894
1211.2288,2290.302,0.7443849
1217.0564,2290.968,0.80873364
1208.3186,2280.229,0.76429
1174.5216,2261.9307,0.7261773
1165.3745,2243.9478,0.7254708
1148.4834,2223.399,0.7188652
1159.0515,2191.1763,0.82617855
1144.432,2169.4602,0.7664608
1142.7396,2153.9277,0.79573214
1141.874,2146.0278,0.69528705
1149.4791,2138.7808,0.7229587
1146.9813,2137.7104,0.76961416
1149.8135,2147.0479,0.75530195
1164.4603,2167.1914,0.7817155
1185.1029,2194.5706,0.8086633
1202.6794,2219.2363,0.8222252
1216.415,2240.9,0.8222433
1226.3005,2266.82,0.8224176
1229.7938,2277.2183,0.81271595
1218.8811,2276.0354,0.7726162
1203.3704,2259.7817,0.7456629
1188.8672,2242.0588,0.7229354
1174.959,2223.109,0.73783356
1165.2988,2208.2874,0.77790457
1149.7203,2183.111,0.7553921
1151.105,2165.162,0.7814646
1140.2534,2152.9814,0.75209975
1150.9575,2146.646,0.7505976
1152.8414,2140.8345,0.7647802
1157.8907,2140.1245,0.79445994
1152.8118,2152.2603,0.76786584
1159.0697,2172.2239,0.7687526
1170.5371,2192.3765,0.78869885
1187.981,2223.165,0.7985851
1204.332,2251.8162,0.8046038
1204.6132,2269.6343,0.7701445
1201.1838,2276.4072,0.7663116
1204.0215,2267.3105,0.7799929
1180.6516,2250.9531,0.74125946
1167.43,2236.3477,0.72215164
1164.9165,2216.4397,0.72799855
1145.2524,2195.5764,0.7348095
1131.01,2171.9302,0.7722199
1162.7026,2160.5056,0.7400498
1153.1453,2142.894,0.77497053
1153.1003,2136.609,0.74869156
1150.2412,2131.4822,0.75444824
1161.3088,2142.5134,0.7667812
1143.6547,2146.6409,0.7507257
1142.6066,2171.8447,0.76813245
1146.9143,2204.4763,0.7522971
1166.644,2234.0557,0.7641789
1180.853,2253.3467,0.7818649
1194.6477,2258.168,0.8051844
1194.5402,2249.0527,0.79447854
1163.4397,2237.398,0.68806195
1150.1686,2218.1533,0.7149359
1131.4866,2194.7266,0.7410411
1124.197,2170.8247,0.72979504
1125.0399,2152.6387,0.69020474
1131.9988,2120.2856,0.7841897
1120.8173,2110.3542,0.7874897
1130.6268,2098.4304,0.7949735
1130.7269,2095.4204,0.80766255
1137.7826,2099.9211,0.81410396
1149.6638,2119.5647,0.78649235
1161.0665,2135.0605,0.74158055
1156.5161,2161.752,0.7913191
1172.5718,2185.41,0.8098423
1181.5835,2218.852,0.79999536
1188.3702,2235.7754,0.7471602
1205.4385,2235.8506,0.7833115
1193.0828,2234.942,0.73824364
1181.3599,2222.5422,0.7383913
1162.6317,2205.3972,0.74204373
1151.3164,2183.0864,0.7290465
1151.8123,2161.0334,0.7447621
1158.2871,2142.828,0.7174703
1153.9214,2117.1409,0.72302735
1158.6328,2102.1865,0.7425684
1162.232,2104.7598,0.71258795
1168.5269,2107.9724,0.73702097
1169.1705,2124.3892,0.6717132
1178.5214,2139.146,0.77040803
1185.9811,2176.9497,0.77667254
1201.1663,2208.542,0.78855723
1217.9084,2239.8918,0.75182104
1225.6023,2267.0269,0.77830416
1225.3513,2275.9138,0.7383925
1227.6968,2267.1597,0.74024075
1214.2356,2250.3865,0.71429205
1202.3611,2226.726,0.72162247
1206.9778,2207.5188,0.7814979
1183.2043,2187.4756,0.7271621
1183.6201,2159.9114,0.76958925
1174.9226,2131.8472,0.7327091
1179.5093,2107.1938,0.7322553
1179.5371,2093.2876,0.73313034
1180.3196,2092.2334,0.74888563
1180.2,2092.2288,0.7532269
1181.0774,2106.3901,0.72908556
1186.6765,2128.4082,0.72497165
1196.887,2163.6108,0.7852647
1214.6982,2188.5063,0.8508868
1210.6161,2225.192,0.7733008
1222.0719,2250.1074,0.7674366
1217.0762,2262.1062,0.761477
1212.4902,2256.5044,0.7668446
1193.2844,2236.8008,0.70079
1171.5586,2222.0044,0.7003577
1156.9902,2198.6694,0.7197262
1152.7107,2176.2397,0.75554556
1161.0762,2152.405,0.74395806
1156.2239,2134.8228,0.7207632
1155.1975,2125.6228,0.6842251
1160.561,2112.6384,0.7481366
1161.7578,2114.6636,0.72696453
1162.8549,2131.2104,0.72970086
1175.6195,2149.6387,0.76238096
1171.403,2176.5103,0.74846923
1195.9128,2209.2695,0.77799535
1201.857,2233.1768,0.7512616
1213.1766,2253.8257,0.71272975
1214.897,2255.8533,0.7345015
1211.169,2238.1475,0.6942626
1201.6345,2224.9233,0.70455074
1198.7712,2208.1865,0.7532515
1190.8422,2183.665,0.7577717
1185.9263,2156.1338,0.7893048
1169.1584,2136.709,0.7358207
1169.3103,2124.2656,0.70620656
1170.2961,2115.166,0.72131175
1171.9321,2110.7026,0.71803623
1173.0791,2116.146,0.7435347
1176.886,2131.7603,0.750699
1175.6782,2153.6318,0.767091
1188.5337,2192.364,0.7755665
1211.4136,2215.811,0.8168199
1216.1718,2243.462,0.8115564
1216.8666,2260.2217,0.81370544
1212.0256,2263.6567,0.8008308
1198.9823,2257.388,0.7597982
1182.4336,2241.7788,0.7449953
1159.3999,2216.8655,0.76597786
1134.4105,2192.3245,0.7540384
1131.2179,2163.822,0.7672352
1121.6897,2143.3398,0.7532026
1121.3223,2129.5334,0.7346355
1125.0688,2114.8267,0.7416815
1125.2068,2111.531,0.7556125
1123.8403,2111.4106,0.7498373
1132.786,2130.1968,0.7482013
1135.7542,2155.2927,0.78100324
1148.8954,2180.6785,0.799331
1161.7793,2209.9097,0.8203991
1167.102,2236.7495,0.77124053
1180.627,2259.7036,0.79338676
1183.6278,2265.2363,0.77057225
1173.5254,2255.116,0.7678238
1156.3633,2240.3616,0.71666163
1141.9711,2221.709,0.71003777
1133.6031,2200.8518,0.77138746
1120.6403,2177.9846,0.7643709
1121.9983,2159.474,0.77759165
1124.3792,2142.5906,0.72984684
1123.0228,2130.0977,0.7521152
1120.6478,2125.2278,0.7509956
1122.782,2121.86,0.7524194
1127.9364,2132.847,0.7508731
1123.9865,2155.009,0.7503737
1143.6233,2173.3894,0.7809531
1151.9319,2204.5698,0.79478645
1185.2507,2229.8047,0.82225907
1186.6106,2249.4526,0.7805984
1199.5092,2264.4468,0.7799809
1197.5327,2264.5947,0.7738826
1188.3145,2252.1016,0.79696524
1167.4885,2233.0151,0.73386294
1148.0745,2211.8926,0.7479359
1146.6559,2185.769,0.76883584
1139.6959,2161.914,0.7653859
1143.8345,2138.2617,0.7387942
1137.3055,2136.1335,0.73216057
1139.4293,2133.6997,0.6948894
1139.4459,2128.723,0.7130236
1147.9458,2134.358,0.7548203
1150.6837,2156.1792,0.6946488
1175.9163,2173.0571,0.78885055
1180.7756,2195.2861,0.7475108
1198.4453,2219.844,0.72683656
1221.2898,2246.6794,0.7923894
1217.8417,2249.8699,0.7636194
1204.7026,2246.4597,0.7729829
1190.5769,2229.225,0.72565395
1181.9838,2206.8384,0.70623803
1171.0577,2188.8862,0.7589457
1169.81,2169.213,0.77458
1165.6947,2155.991,0.7302098
1166.8594,2132.397,0.7646486
1167.9827,2114.9077,0.8178864
1161.6979,2109.252,0.77441186
1169.0137,2108.5652,0.7748195
1172.7651,2116.0293,0.75709707
1165.605,2124.1367,0.7368418
1179.532,2146.6426,0.7392621
1181.2825,2164.4053,0.76530015
1191.1697,2184.7202,0.7278946
1236.1194,2218.0432,0.80781835
1225.7008,2226.6394,0.7742694
1227.8047,2220.3608,0.76712507
1226.043,2206.4277,0.78581893
1225.2268,2180.115,0.7909386
1213.9999,2162.5986,0.7842838
1209.3032,2142.9546,0.7621182
1197.5515,2124.538,0.76415235
1198.12,2115.478,0.76034725
1202.3286,2104.9302,0.7749279
1204.884,2102.184,0.7682743
1198.5298,2112.6262,0.70783937
1204.3391,2123.8406,0.7131983
1222.6431,2145.809,0.7605915
1221.7614,2180.8613,0.7986195
1239.731,2212.0017,0.8369467
1256.3882,2231.5232,0.8143362
1265.3376,2242.2563,0.8263067
1256.5442,2243.4016,0.78164
1251.8632,2234.0488,0.79298866
1251.7192,2218.707,0.79346627
1224.5833,2207.2754,0.7905005
1207.0352,2184.08,0.78776914
1185.7258,2154.9036,0.7409385
1186.4231,2134.6985,0.70407397
1189.5875,2119.6257,0.7575602
1182.4255,2117.9556,0.70153606
1185.158,2111.005,0.68818754
1182.1819,2113.984,0.699391
1184.1946,2122.4807,0.69000256
1189.6351,2146.1328,0.68900204
1197.0105,2170.0234,0.73306125
1220.563,2198.27,0.7899772
1231.0637,2219.6096,0.7837409
1230.4857,2238.2236,0.7669513
1230.1637,2244.0447,0.7716068
1226.005,2237.0967,0.76727045
1188.032,2223.285,0.6776773
1181.2231,2214.94,0.70094806
1159.7937,2200.0913,0.7258517
1153.2821,2176.7148,0.7472679
1146.6244,2160.893,0.75174695
1148.2095,2140.6826,0.7435778
1153.3878,2120.462,0.776884
1140.5219,2113.1235,0.7386711
1146.5071,2112.1147,0.7549177
1146.513,2114.0054,0.7519076
1155.5869,2125.1042,0.7465702
1173.1648,2148.7302,0.73296845
1164.3562,2170.9417,0.74458104
1189.0277,2194.0613,0.7987269
1205.722,2228.4265,0.7755275
1210.4583,2233.956,0.7488143
1194.959,2228.5186,0.71305895
1187.1669,2225.2075,0.70909417
1176.1454,2214.1091,0.7059133
1155.7672,2196.3271,0.6925161
1144.5872,2181.3645,0.71750057
1151.3193,2164.329,0.7570169
1155.7185,2141.8416,0.7633423
1151.7065,2129.6548,0.74621207
1141.6743,2119.8843,0.7660187
1144.424,2119.6985,0.75808877
1148.7692,2125.5862,0.7462903
1151.8774,2147.3772,0.71802855
1159.861,2165.5142,0.74426025
1164.7234,2190.3154,0.74241424
1183.2733,2211.1655,0.7265272
1207.2478,2230.6733,0.73143125
1202.5323,2246.44,0.69584095
1203.4634,2246.4983,0.69317555
1193.0425,2230.4526,0.6760866
1190.9634,2219.7458,0.70669097
1175.7273,2208.6404,0.73996395
1163.3368,2192.506,0.77356696
1151.3375,2174.4626,0.7612833
1159.4788,2154.92,0.7610648
1148.3333,2139.5947,0.73117983
1146.1173,2125.4917,0.73712456
1150.654,2120.6677,0.7463105
1150.1025,2122.7595,0.7412124
1153.5182,2136.0298,0.7134791
1170.144,2148.3174,0.786675
1167.867,2175.0557,0.771729
1183.5552,2203.1455,0.7953273
1193.8164,2229.6472,0.74683344
1210.9275,2247.3345,0.7370457
1222.8416,2254.0776,0.73016775
1229.0477,2254.3215,0.7617604
1192.4854,2225.3367,0.6842368
1188.4125,2209.4688,0.73588634
1168.4828,2191.5308,0.7127424
1152.7614,2171.5698,0.7164819
1152.9917,2154.872,0.750027
1147.5559,2137.1758,0.7682392
1152.5995,2124.437,0.7632735
1141.1973,2117.1536,0.75195706
1148.4634,2119.3953,0.7330455
1158.0271,2133.333,0.73655224
1166.725,2151.9167,0.67447954
1184.9036,2163.244,0.73697025
1188.689,2187.6174,0.70215666
1212.8844,2219.4966,0.7425613
1221.6516,2229.356,0.75685555
1235.1954,2232.4346,0.7912051
1226.7688,2230.353,0.7744324
1226.6633,2216.2788,0.7731146
1207.239,2198.4092,0.7504934
1189.636,2176.2515,0.72571534
1187.0027,2162.715,0.7490026
1184.927,2144.2717,0.70144343
1182.881,2128.1768,0.70878583
1178.6907,2110.7065,0.7226245
1179.4955,2105.3296,0.69011617
1181.5559,2105.9966,0.7109704
1179.5278,2115.6672,0.70617485
1189.253,2132.6973,0.69656175
1192.5293,2147.7883,0.7369503
1200.0151,2178.959,0.73698664
1218.183,2219.7388,0.80118597
1234.1578,2236.2358,0.7960195
1230.5256,2248.7031,0.7492262
1225.8198,2241.6865,0.7391733
1241.8528,2228.3762,0.78148675
1203.5498,2207.3943,0.73390645
1193.442,2182.2122,0.76048136
1179.7385,2163.1086,0.75793606
1178.4226,2148.5483,0.7237745
1174.2922,2130.5876,0.7133132
1173.3418,2120.245,0.70851046
1172.0923,2115.3694,0.73213536
1177.0023,2119.0732,0.7520586
1183.1852,2131.0042,0.75935084
1178.5696,2146.1758,0.70088714
1190.3419,2170.3687,0.72078806
1207.1063,2196.9412,0.7627878
1220.8845,2216.3286,0.76007086
1241.1077,2225.6267,0.7724556
1245.0005,2224.2268,0.7776953
1248.5887,2214.0312,0.7988814
1230.6998,2201.4307,0.75329626
1225.4274,2188.7258,0.75127894
1213.5964,2166.4106,0.7451124
1195.3412,2145.9907,0.6762354
1189.7423,2126.8257,0.71575195
1188.8217,2117.2856,0.6861993
1197.9768,2103.1738,0.736508
1185.0752,2096.2837,0.7128396
1183.8169,2096.7998,0.717916
1192.753,2104.207,0.7039002
1199.9015,2122.3103,0.6886084
1197.5864,2147.0398,0.69905186
1219.5044,2182.7522,0.7965671
1229.5347,2214.5176,0.8255375
1243.3561,2231.6057,0.82045496
1243.9459,2249.8225,0.8006291
1236.668,2247.3098,0.7399451
1238.3875,2232.6914,0.8004025
1200.7982,2215.2593,0.6924485
1184.231,2193.1304,0.704499
1174.1329,2174.491,0.7339761
1158.8579,2151.7725,0.72583324
1156.5852,2136.4473,0.73470926
1156.7764,2120.046,0.7459695
1147.4039,2110.8843,0.7320889
1145.0071,2111.106,0.72348005
1152.3152,2115.7554,0.71597725
1172.1083,2132.462,0.7053201
1182.367,2143.4097,0.74053806
1188.7638,2171.3948,0.76388425
1199.2454,2201.568,0.7690481
1223.387,2232.1724,0.74321926
1214.2185,2239.74,0.7123371
1218.3029,2241.0688,0.72328764
1193.8993,2227.4238,0.67926687
1190.648,2214.896,0.7202258
1170.3184,2197.094,0.7003771,0.0,0.0,0.24713576
1166.5366,2176.3984,0.7348714
1158.1294,2156.7705,0.7438655
1167.8207,2141.061,0.7271086
1156.8367,2123.94,0.7316068
1140.9563,2115.346,0.7246949
1145.3164,2115.0999,0.7217008
1150.5255,2117.0173,0.6888409
1159.758,2131.9854,0.668194
1173.4889,2146.8276,0.7008557
1185.8406,2171.7297,0.7290576
1211.989,2211.9978,0.75377184
1231.649,2229.2117,0.80352485
1219.2045,2241.0532,0.75800127
1222.0522,2243.1743,0.7506993
1221.2488,2230.2075,0.748397
1215.2996,2215.9219,0.72065014
1206.9266,2189.1162,0.7272174
1189.6863,2171.0486,0.7106712
1182.0981,2149.4536,0.7071267
1188.6875,2136.2734,0.7098621
1184.2356,2124.2642,0.7210266
1179.2838,2121.8718,0.7231265
1184.7789,2119.3115,0.72270966
1190.5815,2130.476,0.71573234
1189.9121,2147.7495,0.70566905
1195.3472,2170.1575,0.68898237
1217.48,2204.6733,0.7387946
1225.117,2227.9558,0.7475551
1246.5427,2251.7222,0.7479485
1240.7996,2268.1997,0.7015823
1245.7502,2262.443,0.70012647
1229.0247,2245.516,0.66006255
1235.284,2226.9534,0.72989225
1215.6685,2201.1377,0.7028551
1192.5767,2175.9795,0.68789744
1179.8342,2160.421,0.7247924
1176.2942,2138.6301,0.7144363
1184.1472,2129.5933,0.7029145
1173.1194,2118.5205,0.6812573
1186.7354,2117.8086,0.69277936
1195.8965,2124.248,0.72571653
1174.7235,2129.3267,0.6587015
1182.0334,2148.504,0.66922146
1197.6858,2172.7383,0.748304
1224.5327,2210.9763,0.83252776
1245.5166,2227.9153,0.80877423
1255.1775,2242.759,0.74212694
1265.2306,2246.1663,0.7739123
1263.2993,2225.455,0.80242944
1241.7952,2225.6484,0.7824883
1220.2019,2206.8867,0.7657305
1188.206,2188.108,0.732449
1186.7156,2168.7588,0.77177817
1164.896,2157.163,0.6841106
1168.5142,2134.0127,0.71497804
1176.0647,2118.0217,0.73837453
1169.1066,2110.6426,0.7472223
1165.8038,2116.0352,0.7310246
1170.0928,2127.8345,0.7480371
1174.0858,2148.5356,0.7399163
1180.0615,2166.927,0.79987514
1195.2009,2185.1523,0.7980035
1211.7476,2211.3247,0.817959
1236.3497,2234.4573,0.7958857
1224.127,2249.24,0.74460804
1215.5481,2252.2898,0.73058933
1199.9778,2228.5361,0.7148575
1200.1396,2211.5505,0.75385636
1180.8336,2189.4353,0.7602177
1147.4841,2176.8567,0.70954216
1142.6067,2156.652,0.74367607
1148.6577,2134.9111,0.7345953
1144.9788,2126.971,0.7370625
1136.9321,2120.9849,0.73180664
1153.4375,2124.0437,0.7566915
1144.6184,2138.042,0.72952986
1154.1997,2159.2896,0.716128
1167.6442,2174.8696,0.7147258
1180.3118,2201.755,0.72957903
1184.0913,2222.443,0.70219237
1215.9718,2236.166,0.7808512
1220.6038,2246.646,0.77293885
1193.4343,2229.372,0.73277986
1172.2759,2219.5378,0.70920146
1157.9214,2205.8225,0.7053057
1150.3192,2182.4053,0.76161134
1140.4827,2165.6045,0.7961595
1141.5936,2139.871,0.8021829
1129.7583,2125.1462,0.79363924
1120.9025,2114.0571,0.76792955
1125.5225,2109.148,0.78339076
1143.0652,2109.2356,0.74538213
1136.6299,2125.3345,0.74350446
1146.8604,2136.5815,0.7291334
1167.8618,2162.7844,0.74141324
1186.8557,2176.3354,0.78899276
1192.4338,2207.5728,0.7699068
1216.6821,2232.8826,0.7590069
1221.9626,2236.2166,0.78635156
1216.6265,2231.8103,0.7755838
1215.5172,2210.5464,0.7704367
1185.0908,2204.1077,0.7165919
1190.5039,2178.7324,0.7958585
